19	1	8	2	4	1	3	0	0	5	5
29	1	8	0	0	0	1	0	0	1	1
25	1	10	0	0	0	0	0	0	0	0
29	1	5	2	3	4	5	2	2	5	5
29	1	8	4	3	3	5	2	2	5	5
21	1	7	7	7	5	5	5	5	5	5
17	2	9	8	8	8	8	8	8	9	9
32	1	8	6	6	3	4	3	3	7	7
34	2	6	4	4	6	6	5	5	6	6
22	1	6	1	1	3	8	2	1	6	5
22	1	5	1	2	2	5	1	1	6	5
31	1	4	1	1	1	6	1	1	6	6
18	2	5	0	0	0	0	0	0	0	0
28	1	8	0	0	0	0	0	0	0	0
27	2	8	0	0	4	4	4	2	8	7
22	2	8	0	0	0	0	0	0	0	0
19	1	7	1	1	0	0	0	0	0	0
19	1	4	0	0	0	1	0	0	6	6
22	2	5	1	0	1	1	0	0	9	9
18	2	7	3	6	3	8	3	3	4	4
23	1	8	2	3	1	6	1	0	7	7
32	1	5	4	3	7	8	6	8	5	5
16	1	3	3	3	8	8	8	8	8	8
27	2	5	3	3	1	1	1	1	5	1
16	1	6	2	2	5	4	3	3	5	5
16	1	9	4	5	3	7	2	5	9	9
22	2	7	4	2	1	2	2	3	10	10
20	1	5	2	3	4	3	4	3	9	9
18	2	8	2	3	3	3	4	3	5	5
19	1	9	1	2	2	2	2	2	5	4
22	1	7	0	2	2	2	2	2	2	2
22	1	8	1	2	2	2	2	2	4	4
30	1	8	1	1	0	1	1	1	4	1
24	1	3	0	1	0	0	0	0	5	5
27	2	6	2	2	2	3	1	1	8	6
34	1	4	3	3	3	3	2	3	4	4
29	2	7	2	3	3	5	0	0	5	5
33	2	8	3	5	4	5	4	4	8	8
16	2	9	1	6	0	2	0	0	8	7
28	1	10	0	8	1	1	0	0	8	8
18	2	9	5	4	4	2	3	5	9	7
16	1	7	1	1	2	2	2	2	6	6
30	2	5	0	0	0	0	0	0	5	5
16	1	5	1	5	1	6	4	1	10	8
18	1	6	0	4	1	6	0	0	9	5
32	1	5	1	1	1	1	1	1	5	4
18	1	2	1	0	1	1	1	1	7	7
17	2	4	2	4	4	3	4	2	5	5
21	2	2	1	3	2	5	1	2	3	3
29	1	2	2	3	4	3	2	0	4	3
21	2	8	3	3	1	4	0	1	5	6
26	2	0	0	0	2	5	3	2	5	4
31	1	9	2	5	3	5	2	2	3	3
20	1	8	2	3	3	1	2	2	9	9
24	2	10	3	3	2	0	1	0	10	10
26	1	7	3	5	3	3	3	3	4	4
15	1	5	6	2	3	3	2	1	6	2
17	2	8	2	1	0	2	0	1	3	2
31	2	6	0	1	0	2	1	3	8	9
26	1	7	6	4	5	5	5	5	5	6
16	2	7	3	3	1	4	0	2	4	3
24	1	5	5	4	2	3	0	2	5	4
17	2	9	5	4	5	4	2	2	2	3
16	2	10	3	4	3	6	3	3	10	5
19	2	10	0	4	3	3	3	3	3	3
31	1	9	3	4	4	6	3	2	4	5
19	1	10	5	6	1	5	2	2	7	7
25	1	5	2	4	5	5	5	5	6	6
32	2	3	0	2	0	0	0	0	3	1
17	2	4	1	6	3	6	4	3	9	8
26	2	5	1	1	1	1	1	1	9	9
30	1	5	1	1	1	1	1	1	8	8
33	2	10	1	1	3	4	3	2	5	5
23	2	8	0	1	1	6	2	3	5	5
21	2	6	1	6	1	3	1	0	8	5
25	2	6	1	4	1	5	0	0	9	5
17	2	7	2	4	1	3	2	1	5	4
27	1	6	1	4	1	4	1	1	8	5
17	2	7	1	5	0	5	1	1	8	6
22	1	6	3	6	1	1	0	0	5	5
29	2	4	1	0	1	0	2	2	8	6
33	1	6	1	3	1	5	3	5	3	3
16	1	7	5	5	5	5	4	4	7	7
16	2	5	3	6	6	5	4	3	3	6
25	2	7	2	0	1	5	0	0	2	2
25	2	8	3	5	4	3	4	4	7	7
25	1	7	3	4	2	4	2	1	6	6
29	2	7	4	5	5	5	5	5	6	6
20	1	6	6	6	7	7	8	8	8	8
16	2	7	4	5	6	6	6	6	7	7
17	1	7	4	5	5	6	4	3	9	7
17	1	8	3	4	3	5	1	2	5	4
25	1	7	2	4	0	5	1	1	7	6
24	2	6	3	3	1	6	1	1	6	5
31	1	6	3	3	1	4	1	2	6	8
26	2	8	0	6	2	5	2	0	8	8
23	1	7	2	4	1	6	1	1	7	7
34	1	8	6	7	5	5	4	4	9	8
31	1	7	4	7	4	4	4	4	9	7
25	2	9	0	3	5	5	5	2	5	5
26	2	6	2	3	2	4	2	2	6	4
19	1	9	4	8	6	4	0	0	7	6
26	2	10	4	6	5	2	0	0	2	8
30	2	8	0	2	0	0	0	1	5	4
31	1	6	3	3	4	2	0	0	5	9
25	1	7	0	2	0	5	0	1	4	1
27	2	6	1	4	4	4	3	3	4	5
32	1	8	1	7	1	2	2	1	4	4
17	1	9	4	7	5	5	5	5	5	5
30	2	8	1	5	1	5	1	1	4	4
17	2	10	7	9	9	9	7	7	8	8
16	2	7	2	5	4	2	2	2	9	7
17	2	6	3	6	7	5	7	6	9	9
33	1	5	2	2	6	3	6	6	7	8
18	2	4	4	4	7	6	8	6	9	6
22	1	8	1	4	3	4	6	4	7	8
20	2	7	1	1	2	2	1	1	1	1
33	1	8	1	1	2	1	2	2	2	2
26	1	8	1	0	0	0	0	0	0	0
18	2	7	0	0	0	3	0	0	6	6
22	1	7	0	0	0	2	0	0	4	4
18	1	8	1	1	0	3	0	0	5	5
20	2	7	2	5	5	5	5	3	8	7
26	2	6	3	3	8	6	1	1	1	1
18	2	10	0	0	0	0	0	0	0	0
26	1	8	2	2	0	0	0	0	0	0
22	1	8	2	2	0	1	0	0	3	2
25	2	8	3	1	0	0	1	0	8	6
24	1	8	3	3	0	1	1	1	8	4
29	2	9	2	1	2	0	0	1	1	0
23	2	9	3	4	1	3	4	2	5	3
28	2	6	2	2	3	4	2	4	4	6
28	2	7	5	2	3	2	2	4	6	5
18	1	8	3	5	3	4	2	4	2	3
24	1	4	4	6	3	2	4	2	2	3
22	1	5	2	4	3	5	3	2	6	6
29	2	6	2	3	3	2	1	1	9	8
20	1	4	1	1	0	0	0	0	0	0
17	1	7	2	9	1	6	1	1	10	10
32	1	8	0	3	0	1	0	0	0	0
29	1	6	0	2	0	3	0	0	0	1
29	1	8	0	2	0	5	0	0	3	3
27	2	6	0	0	0	0	0	0	0	0
35	2	7	1	4	4	4	2	4	6	6
32	1	8	2	4	2	1	3	3	5	5
17	2	10	2	8	1	1	1	1	6	6
19	1	9	0	7	1	2	1	1	5	5
25	2	8	1	3	1	5	1	1	1	3
17	2	9	5	8	1	7	1	1	6	7
29	1	8	4	6	1	4	1	1	2	2
32	1	7	3	4	3	8	4	4	8	7
32	1	8	5	8	5	8	5	5	8	8
28	2	8	5	8	3	9	3	3	9	9
28	1	7	4	7	0	7	0	0	7	7
35	1	8	3	7	1	8	1	1	8	8
30	2	8	5	7	2	6	1	1	5	5
28	2	9	1	1	2	4	1	3	88	8
26	2	4	2	2	1	1	1	1	6	5
18	1	2	3	2	2	2	2	2	2	2
18	1	2	2	2	0	0	0	0	0	0
18	2	8	7	6	7	6	5	4	9	10
32	1	7	3	3	2	2	2	2	3	3
26	1	8	2	4	2	7	2	2	3	3
22	1	7	5	8	4	3	1	1	9	9
15	1	7	7	8	5	5	3	5	5	5
20	2	9	3	4	0	5	0	0	5	3
23	2	6	2	6	0	2	0	1	3	3
20	2	8	4	5	2	4	1	1	2	3
17	2	8	3	4	2	2	3	3	6	6
27	1	8	3	5	4	3	2	2	8	6
28	1	7	3	3	3	4	2	3	7	7
26	2	5	0	0	0	1	0	0	5	5
29	1	4	0	0	0	0	0	0	6	6
22	1	5	0	2	1	3	0	0	9	9
28	1	9	2	5	1	3	1	1	8	6
32	2	8	3	4	5	7	4	4	7	7
17	2	9	7	8	5	7	5	5	9	9
21	1	8	2	3	5	5	5	5	8	8
34	2	7	4	7	6	7	4	4	5	5
35	1	5	1	5	1	6	1	1	1	1
32	1	3	1	1	3	4	2	1	5	4
24	2	3	1	0	1	1	0	0	5	4
34	1	3	4	3	2	2	2	2	6	5
32	1	6	3	6	2	1	1	0	4	3
30	1	5	3	3	1	1	1	1	2	2
27	1	7	0	6	2	3	0	0	0	0
27	2	7	2	6	4	4	0	0	0	0
27	2	8	2	6	3	1	2	4	9	9
31	1	1	0	2	0	0	0	0	5	5
33	1	3	0	2	0	2	0	1	7	8
16	2	7	1	3	1	3	3	2	7	5
23	2	10	1	5	1	4	1	1	5	5
30	2	8	3	3	3	3	3	3	4	4
31	1	8	3	7	3	4	3	2	7	7
15	1	9	2	8	5	5	2	1	5	5
19	1	8	4	4	4	8	3	3	9	8
20	1	4	1	3	1	1	1	1	3	3
19	1	5	2	2	0	0	1	1	3	3
18	2	3	2	2	1	3	0	0	5	5
20	1	8	2	2	4	5	3	3	8	7
31	2	9	2	2	1	1	1	1	1	5
17	1	8	7	3	4	5	7	6	10	8
23	1	9	6	8	7	9	9	9	9	8
16	2	8	7	7	7	8	7	8	9	9
22	1	9	7	7	5	5	5	5	5	5
17	1	6	7	6	5	5	5	5	5	5
19	1	4	2	0	0	0	0	0	2	1
17	1	8	7	6	7	7	7	8	8	8
20	1	8	4	7	5	6	5	5	8	7
24	1	7	2	4	1	1	1	1	5	5
25	1	7	3	5	1	1	1	1	5	5
24	1	8	4	8	3	9	4	3	7	8
25	1	9	3	8	2	9	2	2	8	8
31	2	8	3	8	3	8	3	3	8	8
29	1	9	3	8	3	8	3	3	8	8
18	2	8	5	8	2	8	2	2	8	8
22	1	8	0	1	1	1	0	0	0	0
33	2	7	0	0	1	1	1	1	1	1
19	2	7	0	0	0	0	0	0	0	0
29	2	5	0	2	0	2	0	0	1	0
28	1	7	4	3	4	0	0	0	5	7
32	2	3	0	3	0	1	0	0	0	0
21	1	8	5	8	3	4	3	3	4	4
29	2	7	3	5	3	3	3	3	3	4
18	1	7	2	5	2	3	1	1	4	4
24	1	8	3	8	3	4	3	3	5	5
28	2	6	3	5	1	0	2	3	7	9
22	2	6	0	2	0	2	0	0	8	6
17	2	8	6	6	6	7	3	2	9	7
17	2	8	5	7	7	7	6	5	9	8
18	2	8	4	8	0	4	0	0	5	6
28	1	8	2	8	2	3	0	0	2	5
28	2	7	4	8	4	4	3	3	2	3
34	1	8	1	8	1	5	4	2	5	7
25	1	6	1	1	2	2	2	2	2	2
15	2	7	4	5	3	3	3	3	7	7
17	2	7	4	5	4	3	3	3	6	6
18	1	5	4	7	5	4	4	4	7	7
16	2	9	7	7	6	8	6	7	9	9
18	1	10	0	0	0	0	0	0	0	0
15	1	9	4	4	3	5	2	1	8	8
28	1	5	3	3	4	7	4	4	10	8
20	2	5	1	1	0	5	0	0	10	8
29	2	6	2	2	3	4	2	3	5	7
18	2	8	6	6	5	8	7	7	9	9
26	2	7	5	6	5	5	4	5	5	6
28	1	8	4	3	0	0	0	0	0	0
23	1	5	4	3	0	0	0	0	0	0
16	2	8	2	3	0	0	0	0	0	0
21	1	6	2	2	10	9	9	9	5	7
22	2	3	0	0	0	0	0	0	0	0
23	1	9	2	4	4	3	3	3	8	1
29	1	9	2	6	2	4	1	1	7	4
15	2	10	5	8	4	7	3	3	10	9
27	2	9	3	5	2	5	1	1	7	4
27	1	10	0	0	0	0	0	0	0	0
33	1	8	3	3	1	4	1	0	7	3
21	1	7	1	4	1	4	1	0	2	2
28	2	8	3	4	1	4	2	2	0	0
18	1	7	2	3	6	3	5	5	3	2
25	1	3	1	1	3	4	2	2	2	3
28	2	1	3	4	4	3	3	2	3	3
16	1	2	2	4	6	5	5	7	5	8
35	2	2	2	1	1	1	1	1	1	1
28	1	3	2	1	4	5	3	3	4	4
29	2	8	3	5	3	6	3	3	6	6
26	1	6	3	5	3	4	2	3	3	4
34	2	5	1	4	2	4	2	1	88	88
16	1	9	0	3	0	0	0	1	5	0
33	1	4	2	3	2	2	2	2	3	5
31	2	5	1	2	2	3	2	1	3	4
20	1	8	3	8	4	5	4	2	3	4
27	1	8	1	1	1	1	1	1	2	2
16	1	8	3	7	3	4	4	4	4	4
31	2	5	1	1	1	1	1	1	1	1
27	2	5	1	3	1	3	1	1	1	1
35	2	5	0	3	0	0	0	0	3	2
23	1	7	0	4	0	1	0	1	5	5
17	2	3	1	3	0	3	1	0	6	6
34	1	6	0	3	2	5	2	1	4	1
32	1	5	0	1	0	0	0	0	0	0
29	1	8	0	0	0	0	0	0	3	2
16	1	8	0	6	0	1	0	0	10	10
34	1	5	2	3	1	1	1	1	5	5
32	2	8	3	5	5	7	5	5	8	5
32	1	9	2	6	1	6	2	1	6	5
15	1	9	1	1	0	7	3	2	7	7
25	2	5	4	2	0	2	0	0	0	0
29	2	4	1	1	0	0	1	1	5	5
17	1	8	3	5	4	5	4	4	8	8
29	2	9	4	4	4	5	4	3	9	9
19	2	5	0	0	0	0	0	0	3	3
18	1	5	0	0	0	0	0	0	0	0
19	2	9	1	1	1	3	3	0	7	6
21	2	5	1	1	3	2	4	3	3	2
32	2	6	1	1	1	2	2	1	1	2
31	2	8	2	3	2	1	2	3	3	2
33	1	5	2	0	1	3	4	5	8	8
16	2	4	0	4	1	2	2	2	2	1
15	1	8	1	1	0	5	0	0	5	5
35	2	7	1	0	0	7	0	0	7	6
28	1	8	0	1	0	3	0	0	5	5
33	2	9	1	2	2	2	2	2	4	4
30	1	8	1	2	1	1	1	2	3	3
34	2	9	0	2	1	2	2	2	3	3
35	2	8	2	2	1	1	1	1	2	2
27	2	8	2	2	0	0	0	0	0	0
22	1	8	1	2	2	2	1	2	3	3
16	1	8	5	6	6	6	6	5	6	6
22	1	8	6	6	5	8	6	6	8	8
34	2	7	2	4	0	8	0	0	6	6
20	1	5	2	4	1	1	1	3	8	3
20	1	4	3	4	2	2	2	3	6	5
28	2	4	4	3	2	5	3	4	9	7
30	1	4	4	3	3	5	1	2	4	3
16	2	7	4	8	5	3	4	7	6	8
19	1	7	3	5	3	1	5	5	8	8
17	1	8	3	7	3	5	6	5	5	7
19	2	8	4	7	3	5	3	3	5	5
18	1	8	3	7	1	2	2	2	5	5
27	2	7	4	7	3	3	2	2	4	5
21	1	8	4	6	4	3	0	1	7	5
33	1	8	1	2	0	2	0	0	4	4
29	2	9	1	1	0	2	0	0	6	6
32	1	9	0	1	0	0	0	0	0	0
27	2	8	5	5	5	5	5	5	5	5
18	1	6	3	2	2	5	0	0	7	8
22	1	9	3	5	5	3	3	3	8	8
25	2	9	3	3	3	4	1	3	2	5
30	1	8	0	5	0	0	0	0	5	5
29	2	5	1	6	1	1	0	0	5	5
28	1	6	0	3	1	4	1	1	5	5
23	1	9	7	9	6	7	6	5	9	7
32	1	5	2	3	0	3	0	0	5	5
31	1	6	1	1	1	1	1	1	6	6
21	1	6	0	0	1	1	1	1	9	9
26	1	5	1	0	1	1	1	1	9	9
29	1	6	1	0	1	1	1	1	6	6
25	1	7	0	0	0	0	0	0	7	7
18	1	10	3	8	2	2	2	2	2	3
34	1	7	4	4	0	0	0	2	4	4
31	2	10	0	8	0	0	3	3	6	6
35	2	8	3	8	5	7	3	1	8	8
32	1	6	1	6	3	1	0	0	3	5
16	1	8	5	9	8	8	5	5	7	7
34	2	10	3	5	2	5	2	2	9	8
27	2	8	3	7	4	5	2	2	8	8
17	2	9	4	6	7	8	6	5	7	7
37	2	7	0	0	0	0	2	2	0	1
33	1	3	2	3	3	4	5	6	7	8
17	1	9	4	7	3	1	2	2	6	5
18	2	9	0	4	4	2	8	6	7	8
30	2	7	9	9	3	4	5	7	6	6
21	2	6	4	2	2	3	1	3	7	6
32	1	8	6	6	3	2	3	2	7	4
27	2	6	7	9	4	0	1	3	8	7
28	1	6	8	7	3	3	2	2	7	6
17	1	6	5	8	7	5	5	5	9	8
26	1	6	5	5	5	5	3	4	8	7
20	2	7	6	6	6	7	4	4	9	8
21	1	8	5	5	5	5	2	3	10	9
28	2	6	0	0	0	0	0	0	0	0
19	2	7	0	2	1	9	4	6	7	6
19	1	7	2	3	0	4	1	0	2	3
31	2	8	1	1	3	5	2	2	5	4
21	2	8	5	7	5	4	7	6	8	8
20	1	7	4	5	3	6	6	6	7	7
16	1	8	5	7	5	5	5	5	5	5
21	1	4	0	4	0	0	0	0	0	0
19	1	8	5	6	1	3	0	0	7	3
18	1	10	5	6	6	8	3	5	4	5
25	2	6	1	1	0	4	0	0	5	4
22	2	9	3	4	5	7	5	5	8	8
26	2	7	5	6	4	8	2	3	9	8
29	1	6	7	7	5	7	5	5	7	6
28	2	8	6	7	6	6	7	7	8	8
35	1	3	1	1	1	3	1	1	9	9
34	2	4	0	2	0	0	0	0	7	10
17	1	2	0	1	1	1	1	1	1	1
31	1	8	0	0	0	0	0	0	0	0
16	2	8	1	4	3	4	2	3	9	7
15	1	4	7	5	1	4	1	1	8	7
17	1	5	5	6	0	1	3	1	5	1
15	1	5	6	6	3	2	3	2	0	3
26	2	9	1	4	5	2	4	4	6	7
34	2	5	0	2	5	2	1	3	9	8
23	1	6	2	3	2	2	2	2	2	2
19	1	3	2	2	3	3	2	2	5	6
17	2	9	5	8	5	7	5	5	9	9
16	1	8	1	2	2	6	2	1	4	5
15	1	5	5	9	7	3	5	1	1	1
18	2	8	1	4	2	4	2	2	7	7
17	1	10	3	8	5	5	5	5	5	5
27	1	10	5	4	4	3	4	3	5	5
29	1	8	1	0	5	5	4	2	2	2
19	1	0	0	0	0	1	0	0	5	5
32	2	5	0	0	0	0	0	0	0	0
27	1	6	0	0	0	2	0	0	1	3
17	1	3	1	1	0	0	0	0	0	0
25	1	10	0	0	1	1	1	1	1	5
24	2	3	5	3	2	1	3	2	2	1
18	1	5	2	5	4	5	4	5	8	6
18	2	8	5	5	5	5	5	5	5	5
21	2	9	3	4	4	6	4	4	8	5
33	1	8	0	5	0	4	1	1	2	5
17	1	8	5	3	5	6	3	3	6	6
25	2	3	0	0	0	0	0	0	0	0
27	2	8	0	3	0	5	0	0	5	5
32	1	8	0	0	0	0	0	0	0	0
33	1	7	0	1	0	2	0	0	2	0
33	1	8	0	1	0	2	0	0	2	2
29	1	6	1	5	0	0	0	0	5	5
30	1	8	0	1	0	5	0	0	0	0
32	1	9	0	1	0	3	0	0	1	1
26	2	6	0	0	0	1	0	0	0	0
19	2	8	0	0	0	0	0	0	0	0
27	1	10	0	0	0	0	0	0	0	0
28	1	9	1	3	1	0	0	0	3	1
19	1	7	0	0	0	4	0	0	2	2
27	2	7	2	3	1	1	2	1	3	1
19	1	5	2	4	2	5	1	2	6	3
32	2	9	3	3	5	5	8	5	9	9
16	1	10	2	5	4	4	3	0	5	6
26	1	9	3	4	3	4	1	1	3	3
22	1	5	0	0	0	4	2	2	7	7
28	2	8	0	0	0	3	0	0	5	5
32	2	8	0	0	0	1	0	0	3	3
34	2	6	5	5	2	3	2	5	6	6
32	1	7	4	5	4	7	2	2	8	8
17	2	9	5	9	5	6	5	5	5	5
20	1	9	1	1	0	0	0	0	0	0
17	1	6	0	0	0	0	0	0	0	0
34	2	9	0	0	0	0	0	0	0	0
21	1	8	0	0	0	0	0	0	5	5
30	2	6	0	0	0	0	0	0	9	9
17	2	7	4	2	4	4	4	4	6	6
24	1	6	3	1	3	4	2	2	6	5
20	2	4	0	0	0	0	0	0	10	9
31	2	8	4	1	6	7	5	4	9	10
17	1	10	4	5	2	6	4	0	8	9
31	2	7	6	7	4	7	6	4	8	6
24	1	9	6	3	8	7	6	6	8	8
31	1	4	1	2	3	4	1	1	8	6
28	1	4	0	1	3	4	0	0	8	8
35	1	4	1	1	0	5	0	0	5	5
19	2	8	2	0	5	5	5	5	5	5
22	1	9	1	0	2	9	2	2	9	9
32	2	5	0	0	0	0	0	0	0	0
28	2	9	0	5	2	3	0	0	6	8
34	1	6	0	6	4	1	0	0	2	2
31	2	9	2	7	7	7	3	3	1	4
21	1	7	2	8	2	2	0	0	3	4
17	1	7	4	6	6	5	3	4	8	7
21	1	7	6	6	5	5	4	4	8	8
29	1	7	1	7	3	5	2	1	5	6
30	2	10	2	4	1	3	2	2	5	5
17	1	8	2	7	4	5	2	2	6	6
25	2	7	3	3	2	4	1	1	7	7
34	1	4	1	1	0	5	0	0	5	5
27	1	4	0	1	3	4	0	0	8	8
20	1	7	3	8	3	4	4	3	3	4
34	2	0	0	0	0	0	0	0	0	0
17	2	6	3	5	5	4	3	3	6	6
33	1	9	0	0	0	7	0	2	8	6
23	1	7	0	0	0	0	0	0	0	0
30	2	8	2	3	2	2	2	3	5	5
26	2	9	0	0	0	0	0	0	0	0
27	1	8	5	3	0	0	1	0	3	3
28	2	6	1	2	2	0	6	6	8	8
18	1	9	4	5	5	3	6	5	6	7
20	2	8	4	7	5	4	6	5	5	7
17	1	8	6	3	2	7	5	9	9	8
16	2	9	3	6	1	1	4	3	6	6
34	2	5	2	5	1	1	1	1	1	1
33	2	5	5	4	0	4	1	1	2	2
18	1	7	5	5	5	5	5	5	5	5
35	2	6	3	7	3	3	3	3	3	3
17	2	6	1	1	0	1	0	0	3	3
30	2	4	1	6	1	2	1	1	4	3
25	1	5	0	2	0	0	0	0	0	0
18	1	6	0	0	0	0	0	0	0	0
25	2	5	0	0	0	0	0	0	0	0
16	2	5	3	6	3	7	4	2	8	6
25	1	3	0	2	0	3	1	0	2	2
18	1	5	2	5	4	7	3	0	6	5
32	1	4	4	4	2	4	3	5	3	6
32	1	4	3	3	0	3	2	2	4	5
30	1	9	3	3	1	1	1	1	3	2
21	1	8	0	2	0	3	0	0	5	4
29	2	8	0	1	0	1	0	0	1	0
21	2	8	0	2	0	0	0	0	0	0
34	1	5	4	4	0	6	3	2	8	7
30	1	4	4	4	5	7	4	3	8	7
27	1	7	5	4	0	0	0	0	1	2
15	2	9	5	4	0	5	1	0	6	4
35	2	6	1	3	1	3	1	1	6	6
30	1	8	1	2	2	2	2	2	3	3
22	1	8	2	3	1	1	2	1	3	3
19	1	6	0	8	2	5	2	2	5	5
15	2	8	5	9	0	0	0	0	4	5
21	1	8	0	5	0	4	0	0	4	4
19	1	8	1	6	4	5	1	1	8	8
18	2	8	3	5	2	4	3	2	8	7
25	1	10	5	5	5	7	4	4	8	8
35	2	9	2	2	4	3	4	4	8	7
31	2	7	3	5	5	5	4	3	6	5
30	2	8	0	2	0	0	0	0	0	0
33	1	3	3	3	4	4	4	4	4	4
17	2	8	5	4	4	2	4	5	5	5
15	2	3	3	3	3	4	3	5	9	8
16	1	7	3	4	4	4	4	4	8	8
30	1	8	0	0	3	2	2	5	9	8
17	1	9	2	1	2	3	3	2	8	7
22	2	8	0	0	0	0	0	0	0	0
17	1	4	2	4	4	3	3	1	4	3
18	2	7	3	5	5	4	3	3	5	5
32	2	8	2	3	2	3	4	4	7	7
24	1	5	2	3	4	7	2	2	8	5
29	1	5	5	5	5	1	3	1	0	8
23	1	7	0	0	0	1	0	0	1	1
20	2	8	4	5	3	4	1	2	5	4
23	1	9	5	8	5	7	5	2	7	7
23	1	10	1	2	0	0	0	0	0	0
31	1	5	2	2	0	1	0	0	2	1
31	1	4	1	2	2	2	1	2	6	6
30	2	8	4	4	1	1	1	1	1	1
35	2	8	2	2	0	0	0	0	0	0
17	2	4	3	2	4	8	3	0	6	4
18	1	5	0	3	4	5	1	0	8	8
20	2	3	0	1	3	6	2	0	4	4
17	1	9	2	4	2	4	2	2	4	4
31	2	8	1	4	1	1	2	2	4	4
16	1	8	3	5	3	3	1	1	8	8
30	2	7	0	4	1	0	0	2	8	9
28	2	9	0	0	2	0	1	1	10	10
23	1	6	0	3	0	0	0	0	6	6
18	1	8	1	3	0	1	0	0	5	3
29	1	8	0	2	0	2	0	0	5	5
20	1	5	5	0	0	1	0	0	4	5
30	2	8	0	0	0	9	1	0	10	10
25	1	8	0	0	0	2	0	0	7	6
22	2	8	1	0	1	6	2	2	9	9
16	1	8	2	2	3	7	2	2	7	7
16	2	6	3	1	5	3	2	2	10	10
24	2	8	0	8	3	4	1	2	4	4
24	2	8	3	9	4	4	3	2	4	4
20	1	8	2	9	3	4	3	2	2	3
25	1	4	0	0	0	0	0	0	0	0
26	1	3	1	0	1	1	0	0	5	3
23	2	8	4	2	4	4	3	4	6	6
31	2	8	7	7	8	7	8	8	8	8
18	1	7	2	1	4	4	4	4	5	5
34	1	5	3	3	3	3	3	3	3	4
17	2	8	5	8	5	9	5	5	9	9
24	2	8	5	8	5	9	5	5	9	9
24	2	9	5	8	5	9	5	6	9	9
24	1	8	5	8	3	9	4	5	8	8
32	2	8	7	8	3	8	3	3	8	8
16	1	9	5	9	5	5	5	5	5	5
										
										
										
										
										
										
										
										
										
										
										
										
										
										
										
										
										
										
										
										
										
										
										
										
										
										
										
										
										
										
										
										
										
										
										
										
										
										
										
