
R version 2.13.2 (2011-09-30)
Copyright (C) 2011 The R Foundation for Statistical Computing
ISBN 3-900051-07-0
Platform: i386-pc-mingw32/i386 (32-bit)

R is free software and comes with ABSOLUTELY NO WARRANTY.
You are welcome to redistribute it under certain conditions.
Type 'license()' or 'licence()' for distribution details.

R is a collaborative project with many contributors.
Type 'contributors()' for more information and
'citation()' on how to cite R or R packages in publications.

Type 'demo()' for some demos, 'help()' for on-line help, or
'help.start()' for an HTML browser interface to help.
Type 'q()' to quit R.

[Previously saved workspace restored]

> SW=read.table('C:/Users/Malinka/Desktop/kursinis/SW.txt')
> SW
    V1 V2 V3 V4 V5 V6 V7 V8 V9 V10 V11
1   29  2  9  7  8  0  2  0  5   8   6
2   26  2  9  2  2  1  5  2  3   2   0
3   16  1  8  4  8  4  7  2  2   5   4
4   15  2  9  7  6  6  8  5  6   7   7
5   20  1  8  5  5  8  8  7  7   9   8
6   32  1  7  4  6  1  7  2  3   0   0
7   29  1  7  7  5  5  3  5  3   8   5
8   22  1 10  1  7  8  8  4  4   7   5
9   16  1  9  6  5  7  6  2  3   9   8
10  26  1 10  4  7  4  6  4  4   4   4
11  28  1  9  7  7  6  8  4  4   6   4
12  22  2  7  7  9  8  6  6  4   7   5
13  35  1  8  8  5  8  8  3  5   8   8
14  19  1  8  5  8  5  6  2  3   6   4
15  27  2  7  5  7  8  8  8  8   4   8
16  24  2 10  8 10  4  2  2  4   6   4
17  32  1  3  5  8  5  7  2  6   8   4
18  24  2  9  5  6  8  6  5  6   7   7
19  18  1  6  6  9  9  8  5  7   8   8
20  32  2  7  5  7  8  7  3  3   8   5
21  17  2  8  4  6  5  3  2  3   5   5
22  20  2  8  6  8  8  8  8  8   7   7
23  27  1  9  7  7  6  7  5  5   6   4
24  34  1  6  3  3  3  6  2  4   7   4
25  20  1  8  7  9  8  7  5  6   4   5
26  34  2  8  2  2  7  7  6  6   7   7
27  24  1  7  6  5  6  7  4  6   6   5
28  30  2 10  5  8  8  6  5  7   7   5
29  33  1  7  4  2  6  8  5  5   6   2
30  15  1  5  7  4  2  3  4  5   8   6
31  32  1  7  6 10  7  8  6  6   8   6
32  21  1  8  8  5  6  3  2  1   5   5
33  16  1  9  8  9  7  1  6  6   8   5
34  35  2  7  3  3  3  5  3  3   5   3
35  31  2  8  1  6  5  7  5  5   5   4
36  16  2  9  6  8  8  4  7  8   0   6
37  20  2  7  7  8  7  8  7  7   8   5
38  32  1  7  3  8  7  5  4  4   6   4
39  17  2  7  5  7  6  5  3  3   7   5
40  25  1 10  0  0  0  7  0  3   5   3
41  22  1  8  7  7  7  7  6  7   5   5
42  33  1  6  8  8  7  4  5  7   7   5
43  26  1  8  8  6  7  6  6  4   7   6
44  28  2  9  6  8  8  8  8  7   8   7
45  34  2  9  4  7  4  5  1  2   2   2
46  18  1  9  0  6  4  7  5  4   8   8
47  18  1  7  3 10 10 10  8  9   8   6
48  23  2  8  8  8  6  7  6  6   7   5
49  27  1  5  3  7  2  7  2  2   6   2
50  33  2  7  4  4  4  4  3  3   7   4
51  33  2  7  5  9  5  3  2  2   6   3
52  35  1  8  6  8  7  6  6  5   8   5
53  16  2  6  6  5  5  8  5  5   8   7
54  31  2  8  5  4  1  1  0  1   2   4
55  29  1  7  7  8  8  8  7  7   6   7
56  31  1 10  4  9  7  8  7  7   8   6
57  17  2  3  5  4  5  5  4  6   7   6
58  33  1  9  5  8  7  7  5  5   7   5
59  34  1  8  8  8  7  8  7  6   7   5
60  35  1  9  2  7  2  8  5  5   7   5
61  25  1  7  6  7  6  8  3  4   6   4
62  28  1 10  6  7  6  6  4  4   6   2
63  33  1  8  8  9  7  8  7  7   8   7
64  21  2  8  5  3  6  3  2  3   7   5
65  23  2  7  6  8  4  3  2  4   6   6
66  35  2  9  6  7  7  7  7  6   6   6
67  27  2  8  3  7  4  5  4  4   7   4
68  29  1  7  4  7  8  5  5  6   4   7
69  31  1  9  8  3  3  4  4  2   7   5
70  34  2  7  7  7  8  5  8  8   8   8
71  31  2  8  8  7  5  7  5  5   8   5
72  21  1  8  4  6  1  6  4  3   5   2
73  27  1  3  5  7  6  1  3  5   0   0
74  17  1  8  8  5  8  6  8  8   8   6
75  24  1  9  8  6  7  4  2  5   7   5
76  27  1 10  3  5  2  2  3  2   4   2
77  35  1  9  2  3  7  6  5  3   6   5
78  19  2  9  5  6  5  6  4  5   8   6
79  21  2  8  6  6  6  8  6  5   7   6
80  35  2 10  7  4  3  5  3  3   5   3
81  29  1  9  7  8  8  9  5  6   9   6
82  32  2  4  3  2  5  6  3  3   3   2
83  27  1  8  5  8  8  7  5  5   9   7
84  15  1 10  6  7  6  6  4  4   8   7
85  15  1  9  9  9  9  6  7  5   8   8
86  26  2  9  4  8  6  8  5  5   7   5
87  22  2  7  7  8  7  4  5  6   6   5
88  24  1  7  4  4  4  7  3  4   9   6
89  18  2  6  7  9  5  7  5  5   9   7
90  17  1  8  8  9  6  7  5  4   9   8
91  23  2  6  2  1  5  7  4  4   6   4
92  34  2  8  6  8  6  7  3  4   8   2
93  34  1  9  6  9  6  9  7  7   6   6
94  32  2  7  4  6  8  8  5  6   8   7
95  19  2 10  8  9  9  8  7  7   9   8
96  25  1  8  9  5  3  5  4  3   6   5
97  23  1  6  3  6  6  7  6  6   8   7
98  34  2  9  5  8  7  8  6  6   8   5
99  35  2  9  4  8  5  7  2  2   8   5
100 25  2  7  6  8  5  4  6  6   4   5
101 23  2  9  8  9  9  8  7  6   5   6
102 18  2  8  5  7  6  8  6  7   7   8
103 35  1  8  4  8  8  6  7  7   8   7
104 26  1  8  5  7  6  8  6  6   8   6
105 22  1 10  7  9  6  4  6  7   8   4
106 20  1  6  2  5  7  3  1  5   5   0
107 30  2  8  3  3  7  7  6  6   7   7
108 24  2 10  6  7  7  7  6  6   8   7
109 22  1  9  7  8  8  6  5  5   8   6
110 27  2  9  6 10  9  9  7  6   6   7
111 25  1  9  6  8  7  5  4  4   6   3
112 33  2  6  7  8  4  6  4  5   7   5
113 27  2  8  6  6  6  5  7  5   8   6
114 27  1  8  6  9  6  9  6  4  10   8
115 19  1  9  0  0  1  7  2  3   1   0
116 34  1  7  5  5  6  5  5  4   3   4
117 17  2  6  5  8  8  9  7  6   9   8
118 29  2  8  7  7  6  5  6  5   7   6
119 17  1  9  8  8  5  5  5  5   7   5
120 34  2  4  1  7  8  7  4  5   7   6
121 30  2  8  3  3  3  6  3  2   4   3
122 35  1  8  7  9  7  9  7  7   8   7
123 31  1  8  7  8  8  8  7  7   6   6
124 35  2  7  8  9  7  8  7  7   7   7
125 34  1  4  3  4  6  7  3  2   5   2
126 16  1  8  5  8  7  6  5  5   7   5
127 22  1  9  5  9  9  9  6  7   9   7
128 24  1  7  6  8  8  6  5  8   9   6
129 31  1  9  8  9  8  9  7  6   9   9
130 19  2  7  8  8 10  8  6  6  10   8
131 26  2 10  5  5  3  8  1  1   4   2
132 35  1  7  6  6  8  9  7  6   7   7
133 15  2  7  5  7  5  5  5  5   5   5
134 30  1  8  5  8  5  5  5  5   8   3
135 20  2 10  7  7  7  6  6  7   8   7
136 25  1  9  7  9  8  8  6  6   8   6
137 24  2  8  6  8  7  5  6  6   7  77
138 27  1  9  6  7  7  5  7  5  10   7
139 31  2  8  7  9  6  6  6  6   6   6
140 25  2  8  8  9  7  7  7  7   6   7
141 21  2  9  5  6  7  7  6  5   7   7
142 34  2  8  4  6  7  8  7  7   7   7
143 26  2  8  4  6  4  8  5  4   7   5
144 27  1  9  5  6  5  6  5  5   7   5
145 32  1  6  6  6  8  7  6  7   8   6
146 29  1  8  0  5  3  8  2  0   7   0
147 29  2  7  5  6  5  7  5  5   7   5
148 26  1  8  5  9  7  6  5  5   8   6
149 19  1  5  6  8  6  6  4  5   2   5
150 31  1  8  3  8  2  6  7  7   6   6
151 31  1  8  7  7  6  8  5  3   8   4
152 27  1  7  6  8  7  7  6  6   6   5
153 35  2 10  7  8 10  8  8  7  10   6
154 20  2  6  9  5 10  6  4  4   7   7
155 25  1  6  4  4  6  6  5  5   4   4
156 17  2  8  8  8  8  7  8  7   6   8
157 35  2  7  5  8  7  5  7  6   6   5
158 19  1  5  5  5  4  3  3  3   6   4
159 27  1  8  3  4  3  5  2  2   8   5
160 30  1  9  7  7  9  7  2  6   8   5
161 29  1  9  3  6  2  4  2  2   7   4
162 19  1  6  6  7  7  8  5  4   8   7
163 31  2  9  6  8  4  4  5  3   8   5
164 26  1  6  7  8  8  6  5  7   9   6
165 32  2  9  6  4  7  4  5  6   8   6
166 27  1  5  9 10 10 10 10 10   3   4
167 16  2  8  5  6  5  8  4  4   7   4
168 34  2 10  6  7  7  8  7  7   8   7
169 18  2  4  4  3  4  4  4  4   7   5
170 22  1  7  6  6  7  8  5  5   6   6
171 33  2  6  9 10 10  9  8  7  10   8
172 17  2  8  7  8  6  6  7  6   8   7
173 18  1  7  8  9  8  5  3  5  10   7
174 31  1  9  7  9  9  8  7  7   8   6
175 25  1  8  7  7  7  8  7  5   6   4
176 30  2  8  7  7  7  7  6  7   8   6
177 32  1  8  6  8  2  7  2  3   5   2
178 27  1  9  1  7  6  7  4  4   6   5
179 19  2  8  5  7  8  8  6  6   9   8
180 21  1  6  5  8  6  9  3  3   9   5
181 15  1  9  3  5  3  5  5  4   8   5
182 27  2  9  4  5  5  9  6  5  10   6
183 16  2  7  5  4  6  6  8  7   8   8
184 24  1 10  8 10  6  7  5  6   7   4
185 26  2  9  7  7  9  7  6  6   6   9
186 33  1 10  8  8 10  9  8  8   8   7
187 25  1  8  2 10  9  8  9  8   8  10
188 35  1  4  8  4  5  5  3  1   5   4
189 25  1  7  4  7  6  4  2  2   6   2
190 22  2  6  2  2  2  8  3  4   5   5
191 16  1  9  5  9  5  4  3  7   9   7
192 17  1  6  3  4  6  6  4  7  10   7
193 17  1  8  5 10 10  8  7  8  10  10
194 21  1  8  3  7  6  7  5  4   7   8
195 16  1  9  8  8  8  8  7  7   8   9
196 34  2  9  5  7  5  6  5  5   8   3
197 20  2  7  5  5  5  4  5  5   6   5
198 20  2  5  3  4  4  4  1  1   6   2
199 30  1 10  7 10  9  9  9  7  10   9
200 26  1  9  3  1  2  5  2  2   7   4
201 33  2 10  5  5  7  8  6  6   9   7
202 31  1  6  4  5  6  6  6  5   7   6
203 25  2  7  2  4  2  7  1  2   7   5
204 23  2  9  8  8  9  9  7  7   5   5
205 22  1  6  5  8  8  5  4  7   8   5
206 32  2  6  6  8  6  8  4  5   6   6
207 23  2  8  5  5  7  6  6  5   7   6
208 24  2  7  4  4  4  5  4  4   6   4
209 15  1  9  8  9  7  9  7  7   8   7
210 25  2  9  7  5  7  4  4  4   5   5
211 34  1  3  0  3  2  7  2  5   8   3
212 19  1  8  5  5  7  6  6  6   7   7
213 18  2  7  7  9  9  8  6  6   9   8
214 25  1  9  8  9  7  9  5  5   8   8
215 18  1  3  1  6  5  7  8  7  10   2
216 17  1  8  0  3  1  0  0  2   7   5
217 35  2  8  6  7  8  8  2  4   7   7
218 15  1  5  7  8  8  8  6  5   6   6
219 32  2  9  8  9  8  8  7  7   9   7
220 19  2  8  4 10  4  4  3  3   9   7
221 24  2 10  3  6  6  5  4  4   6   3
222 25  2  9  5  7  6  6  5  6   6   5
223 20  2  8  5  4  5  3  5  5   5   5
224 24  2  7  7  8  7  7  6  5   7   6
225 17  2  8  5  8  3  4  3  2   6   6
226 22  1  3  7  8  7  7  7  7   3   3
227 35  1  8  8 10  8  9  8  6   7   5
228 20  2  8  4  6  3  4  3  3   6   4
229 20  2  9  6  7  7  6  4  4   7   6
230 35  1  8  5  6  5  8  5  3   6   5
231 21  1  7  3  7  3  4  5  7   6   4
232 27  2  7  6  6  7  6  5  5   8   7
233 24  1  8  6  6  7  6  6  6   7   6
234 34  1  8  0  9  5  9  9  9   9   9
235 19  1  8  8  7  8  8  7  7   9   8
236 35  1  9  2  4  4  7  5  5   8   4
237 35  2 10  2  8  8  6  6  7   6   5
238 22  1  8  5  4  5  4  6  5   4   5
239 16  2  8  5  4  1  0  4  2   5   2
240 29  1  7  3  4  3  3  3  3   5   2
241 19  1  7  4  8  5  3  2  6  10   6
242 25  2  8  4  4  4  2  2  2   6   4
243 21  1  6  7  8  8  5  5  4   6   4
244 34  1  8  7  8  4  8  4  5   9   4
245 30  2  8  4  6  4  5  2  3   7   1
246 34  2 10  6  8  7  6  6  6   6   6
247 29  1  8  7  8  8  4  7  7   5   5
248 22  1 10  5  2  7  8  6  5   8   7
249 31  2  9  5  7  4  6  5  5   8   6
250 28  2  9  4  5  8  8  5  5   7   6
251 24  1 10  5  5  7  9  6  6  10   6
252 28  1 10  3  8  0  5  5  0   3   0
253 33  2  9  7  6  5  8  4  4   6   5
254 32  2  9  5  5  5  7  6  5   8   6
255 34  2 10  7  8  8  7  5  5   8   5
256 20  2 10  5  6  7  8  4  3   8   6
257 17  2  8  7  7  8  8  8  8   8   8
258 15  1  9  5  6  4  4  3  3   6   4
259 30  2  7  0  6  7  5  3  3   8   4
260 32  2  7  4  7  6  7  6  6   7   7
261 26  1  9  5  5  3  3  1  4   5   2
262 23  1  7  3  8  0  7  0  0   3   0
263 32  2  9  6  9  8  8  8  8   7   6
264 21  1  9  5 10  6  5  1  2  10   9
265 35  1  6  8  9  7  8  6  6   8   6
266 34  2  8  4  3  3  3  1  2   7   0
267 21  1  2  2  2  3  3  1  3   3   3
268 35  1  6  2  5  6  7  5  5   6   5
269 19  1  8  6  2  3 10  3  6  10   3
270 25  2  7  3  5  4  4  3  3   6   3
271 32  2 10  4  8  4  5  3  2   6   6
272 26  1  8  9  9  6  8  5  5   5   3
273 33  1  8  5  8  8  8  0  3   5   3
274 28  2  8  4  4  6  6  5  7   8   4
275 17  2  8  4  6  5  7  4  4   7   5
276 31  1  7  6  8  8  4  4  5   8   5
277 31  1  8  8  8  9  8  8  8   6   7
278 20  1  8  8 10  8  8  7  7  10   9
279 29  1  5  1  5  5  4  2  4   7   5
280 16  2  9  7  8  6  5  3  3   9   8
281 16  1  8  5  7  7  8  4  6   7   8
282 24  1  6  3  4  3  3  3  3   5   3
283 26  1  7  5  6  6  5  5  5   6   4
284 22  2  8  1  2  1  4  4  4   5   6
285 26  2 10  9  9  8  9  6  5   7   6
286 23  1 10  3 10  1  3  5  4   3   4
287 35  1  9  8  9  8  8  6  6   8   4
288 21  2  4  4  4  4  3  3  3   5   5
289 35  1  8  6  7  4  6  5  5   6   2
290 30  2  7  4  8  9  9  6  6   6   8
291 35  2  8  5  5  4  6  4  4   5   2
292 17  2  7  5  5  8  7  9  9   9   8
293 25  2  8  4  4  8  5  4  5   7   5
294 24  1  9  7  7  7  7  5  5   6   5
295 35  1 10  7  7  8  7  6  6   8   7
296 17  1  8  7  5  7  5  8  5   9   7
297 29  1  7  7  7  8  6  7  6   8   6
298 15  2  9  5  8  5  5  4  4   5   5
299 24  2  4  3  4  4  5  3  3   5   4
300 34  2  8  5  6  6  7  6  6   7   4
301 33  2  7  7  7  8  9  6  6   7   5
302 33  2  9  8  8  7  7  6  5   6   6
303 15  2  7  7  7  7  8  7  7   5   6
304 18  2  7  3  7  7  6  5  5   8   8
305 32  1  7  7  6  8  9  6  7   8   5
306 31  2 10  4  3  2  3  2  1   7   3
307 16  2  8  4  6  5  6  5  5   7   5
308 22  2  8  2  6  4  6  4  6   8   6
309 18  2 10  7  6  6  6  5  6   4   5
310 19  1  7  6  6  5  5  3  3   6   2
311 26  2  7  5  8  8  8  7  6   6   5
312 31  1  8  6  8  3  3  3  5   6   4
313 27  2  8  5  5  5  7  5  5   8   7
314 30  2  9  7 10  7  8  5  7   9   9
315 15  1 10  5  7  6  8  7  5   9   8
316 19  1  9  7  8  7  7  5  5   7   0
317 19  2  7  4  7  5  4  5  5   8   7
318 33  1  6  6  7  5  6  4  4   5   3
319 21  2  7  4  3  4  4  4  5   2   3
320 31  1  9  0  6  0  4  0  2   7   0
321 27  2  7  4  6  5  3  3  4   5   3
322 24  2  7  5  5  6  5  5  5   6   6
323 33  2 10  7  7  7 10  7  7  10   5
324 17  1  9  8 10  9  7  8  9  10   9
325 35  1  7 10 10 10  7  8  5  10   8
326 18  2  7  3  6  5  7  5  5   7   6
327 34  2  9  4  4  2  4  1  1   6   4
328 33  1  8  6  7  6  3  4  4   7   4
329 27  2  7  3  7  0  0  0  0   9   0
330 16  1  8  6  3  8  5  5  4  10   5
331 26  1 10  6  4  5  4  3  3   6   3
332 35  2  9  7  7  5  5  5  5   6   4
333 16  1  9  9 10  9  9  8  7  10  10
334 23  1  6  5  8  7  6  5  6   8   8
335 20  2  8  4  4  7  7  5  5   6   5
336 25  2  7  6  6  7  6  5  5   7   6
337 20  2  8  5  6  3  4  4  4   6   5
338 30  1  9  6  8  5  7  5  6   9   7
339 26  2  9  4  5  4  6  3  3   5   2
340 23  1  9  8  9  7  8  6  6   5   8
341 30  1  4  4  1  2  0  2  2   6   3
342 33  2  8  6  7  7  8  7  7   9   7
343 18  2  9  7  8  7  6  7  6   8   7
344 21  2  5  3  4  4  2  4  5   3   4
345 29  1  9  0  2  3  5  4  5   3   4
346 26  1  8  4  9 10  8  6  8   9   8
347 28  1  7  3  9  8  9  8 10   7   5
348 15  2  8  8  5  8  5  6  6   3   8
349 31  2  7  1  7  7  7  2  3   7   2
350 19  2  8  6  9  8  8  6  7   8   7
351 31  1  7  6  7  5  5  4  4   5   4
352 28  1  8  7  6  6  3  4  5   5   4
353 35  2  7  2  4  4  5  3  3   4   2
354 28  2  8  4  7  5  8  4  2   9   6
355 28  1  8  1  3  3  6  2  2   6   1
356 34  1  7  6  7  4  5  3  3   6   3
357 23  2  8  6  6  7  8  6  6   8   6
358 19  2  8  4  8  8  5  5  4   6   5
359 31  2  9  8  9  7  7  7  7   7   5
360 33  1  3  5  7  6  6  6  6   5   5
361 33  2  6  3  5  6  8  4  4   5   6
362 34  2  5  5  7  4  6  5  5   7   5
363 19  2  8  4  6  3  2  2  3   7   5
364 17  1  5  5  5  0  0  0  0   0   0
365 30  1  8  7  6  6  8  3  3   5   3
366 16  1 10  7 10  8  8  8  8   9   6
367 20  1  3  6  5  6  6  4  4   7   4
368 24  2  9  7  9  7  9  7  8   9   8
369 34  1  8  5  5  4  5  2  2   8   4
370 17  2  9  5  5  6  8  5  5  10   5
371 32  1  8  8  9  8  6  7  6   8   5
372 26  1  9  5  3  8  3  3  7   2   7
373 31  2  8  2  5  3  4  2  2   2   2
374 24  2  9  5  5  7  6  4  4   7   5
375 34  1  7  5  5  7  8  4  5   7   5
376 30  1  8  3  2  2  5  0  0   7   3
377 26  1  9  0  8  5  8  3  3   8   2
378 15  1  7  4  5  7  8  7  6   8   6
379 33  1  6  8  8  7  9  6  6   5   5
380 20  1  8  7  8  7  7  6  7   6   5
381 31  1  9  2  8  3  3  4  4   7   2
382 35  2  8  4  4  4  5  4  4   5   4
383 31  2  8  7  8  8  8  6  6   7   7
384 16  1  9  5  9  4  7  5  5   9   7
385 31  2 10 10 10  9  9  9  7  10   8
386 31  1  9  4  3  3  4  2  3   6   4
387 24  2  8  8 10  8  9  5  6   9   8
388 29  1  8  4  9  8  8  8  9   8   7
389 31  2  8  8  9  8  6  7  7   6   5
390 24  2  6  5  3  4  4  2  2   7   4
391 27  2  9  6  8  7  8  4  4   6   5
392 25  1  9  4  6  5  8  5  4   7   2
393 32  1  9  5  7  7  6  6  7   7   6
394 26  2 10  6  6  7  5  5  4   7   6
395 29  2  8  7  8  7  6  3  3   5   3
396 34  2  2  7  8  8  8  8  5   5   8
397 35  2  8  2  7  6  8  5  7   8   4
398 29  1  9  9  7  8  6  6  6   8   8
399 29  2  8  2  7  5  7  5  5   6   4
400 20  1 10  5  7  7  7  5  3   6   5
401 23  1  9  7  7  7  4  5  8   7   5
402 17  1 10  4  5  1  2  3  5   5   4
403 21  1  8  7  9  8  7  6  6   7   5
404 17  2  8  7 10  8  8  6  6   9   7
405 26  1  6  5  7  7  6  6  6   8   6
406 15  2  8  5 10 10  9  9  8  10   8
407 31  1  7  2  8  7  8  7  7   5   6
408 32  2  9  6 10  8  5  5  5  10   5
409 30  1  5  1 10  7  8  9  8   4   6
410 17  1  9  3  4  4  5  3  5   5   5
411 33  1  8  3  3  3  5  2  2   8   3
412 16  2  8  1  8  8  9  7  7   9   7
413 35  2  8  6  6  6  2  3  4   6   6
414 27  1  8  4  5  6  6  5  5   7   5
415 32  2  6  6  4  5  6  6  5   6   5
416 26  1  3  5  1  3  1  1  5   5   5
417 33  2 10  4  5  1  4  3  3   5   3
418 19  1  8  1  5  1  7  5  7   9   7
419 21  1  9  6  7  0  4  6  5   8   7
420 30  2  6  5  8  5  7  5  5   7   4
421 18  2  6  5  6  3  5  3  3   8   5
422 35  2  9 10  9  8  9  9  8   6   8
423 22  1  6  4  5  3  4  2  2   7   4
424 32  2  9  5  7  7  7  7  7   8   8
425 17  2  9  5  6  6  6  8  6   8   7
426 16  1  8  5 10  7  5  7  5   9   5
427 27  2  4  1  4  2  4  2  2   5   4
428 15  2  9  5  5  7  7  5  6   8   7
429 20  1  8  7  7  8  8  8  8   7   8
430 32  2 10  7  8  7  8  5  6   7   6
431 21  1  9  8  9  9  9  6  6   9   7
432 26  1  7  4  8  4  5  3  3   5   4
433 26  1  6  5  4  4  5  2  2   5   3
434 29  1  9  4  4  4  6  4  4   5   4
435 25  2  9  5  5  5  2  2  2   7   1
436 20  2  1  4  3 10  8  6  5   7   4
437 27  2  7  5  7  7  7  5  5   8   6
438 20  1  6  1  5  7  5  5  5   0   0
439 31  1 10  4  5  5  2  3  4   5   4
440 26  1  7  1  3  1  3  5  7   6   8
441 28  1  8  4  4  5  7  5  5   5   5
442 28  2  9  7  7  7  8  5  5   5   4
443 27  1  8  6  6  6  5  6  6   7   5
444 21  2  8  2  6  5  6  4  5   5   5
445 22  1  4  0  8  5  7  4  8   7   5
446 34  2  8  8  8  7  7  7  7   8   8
447 31  2  9  3  7  6  7  5  5   6   4
448 25  2 10  5  4  7  6  7  7   8   7
449 19  1  5  2  4  3  6  4  2   7   1
450 30  2 10  1  8  3  7  6  6  10  10
451 17  2  8  8  9  7  8  8  8   9   9
452 20  2  4  5  6  5  5  3  3   6   6
453 33  2  9  2  4  2  4  1  1   3   1
454 27  1  9  3 10  9  7  7  6   9   8
455 30  1  8  4  9  6  6  5  7   7   4
456 32  2 10  7  7  5  6  4  4   5   5
457 30  1  7  8 10  9  9  7  6   9   6
458 22  1 10  3  7  5  7  6  8   8   5
459 34  2  8  5  7  7  7  6  6   8   5
460 28  2  8  5  7  6  6  6  6   6   6
461 34  1  8  6  6  5  5  3  3   6   3
462 21  2  9  9  8  7  9  5  5   7   6
463 19  2  8  7  8  7  8  7  7   8   7
464 34  2  9  5  6  6  7  5  5   7   6
465 34  1  9  7  9  9 10  8  8   8   7
466 21  2  5  4  5  3  2  2  3   4   4
467 20  1 10  6  8 10  5  7  7  10   5
468 20  1  8  8  9  4  5  3  3   6   8
469 35  2  5  5  7  6  7  7  6   9   7
470 34  1  7  3  4  5  7  1  2  10   2
471 28  1  6  3  4  4  4  3  3   6   3
472 35  1  8  5  5  5  8  5  5   5   5
473 21  2 10  5  9  8  7  6  6   8   7
474 35  1  8  5  6  6  7  5  5   7   5
475 33  1  3  4  5  4  6  4  4   4   5
476 19  2  9  6  8  6  8  6  5   6   4
> gndrSW=SW[,1]
> gndrSW
  [1] 29 26 16 15 20 32 29 22 16 26 28 22 35 19 27 24 32 24 18 32 17 20 27 34 20
 [26] 34 24 30 33 15 32 21 16 35 31 16 20 32 17 25 22 33 26 28 34 18 18 23 27 33
 [51] 33 35 16 31 29 31 17 33 34 35 25 28 33 21 23 35 27 29 31 34 31 21 27 17 24
 [76] 27 35 19 21 35 29 32 27 15 15 26 22 24 18 17 23 34 34 32 19 25 23 34 35 25
[101] 23 18 35 26 22 20 30 24 22 27 25 33 27 27 19 34 17 29 17 34 30 35 31 35 34
[126] 16 22 24 31 19 26 35 15 30 20 25 24 27 31 25 21 34 26 27 32 29 29 26 19 31
[151] 31 27 35 20 25 17 35 19 27 30 29 19 31 26 32 27 16 34 18 22 33 17 18 31 25
[176] 30 32 27 19 21 15 27 16 24 26 33 25 35 25 22 16 17 17 21 16 34 20 20 30 26
[201] 33 31 25 23 22 32 23 24 15 25 34 19 18 25 18 17 35 15 32 19 24 25 20 24 17
[226] 22 35 20 20 35 21 27 24 34 19 35 35 22 16 29 19 25 21 34 30 34 29 22 31 28
[251] 24 28 33 32 34 20 17 15 30 32 26 23 32 21 35 34 21 35 19 25 32 26 33 28 17
[276] 31 31 20 29 16 16 24 26 22 26 23 35 21 35 30 35 17 25 24 35 17 29 15 24 34
[301] 33 33 15 18 32 31 16 22 18 19 26 31 27 30 15 19 19 33 21 31 27 24 33 17 35
[326] 18 34 33 27 16 26 35 16 23 20 25 20 30 26 23 30 33 18 21 29 26 28 15 31 19
[351] 31 28 35 28 28 34 23 19 31 33 33 34 19 17 30 16 20 24 34 17 32 26 31 24 34
[376] 30 26 15 33 20 31 35 31 16 31 31 24 29 31 24 27 25 32 26 29 34 35 29 29 20
[401] 23 17 21 17 26 15 31 32 30 17 33 16 35 27 32 26 33 19 21 30 18 35 22 32 17
[426] 16 27 15 20 32 21 26 26 29 25 20 27 20 31 26 28 28 27 21 22 34 31 25 19 30
[451] 17 20 33 27 30 32 30 22 34 28 34 21 19 34 34 21 20 20 35 34 28 35 21 35 33
[476] 19
> gndrSW=SW[,2]
> gndrSW
  [1] 2 2 1 2 1 1 1 1 1 1 1 2 1 1 2 2 1 2 1 2 2 2 1 1 1 2 1 2 1 1 1 1 1 2 2 2 2
 [38] 1 2 1 1 1 1 2 2 1 1 2 1 2 2 1 2 2 1 1 2 1 1 1 1 1 1 2 2 2 2 1 1 2 2 1 1 1
 [75] 1 1 1 2 2 2 1 2 1 1 1 2 2 1 2 1 2 2 1 2 2 1 1 2 2 2 2 2 1 1 1 1 2 2 1 2 1
[112] 2 2 1 1 1 2 2 1 2 2 1 1 2 1 1 1 1 1 2 2 1 2 1 2 1 2 1 2 2 2 2 2 1 1 1 2 1
[149] 1 1 1 1 2 2 1 2 2 1 1 1 1 1 2 1 2 1 2 2 2 1 2 2 1 1 1 2 1 1 2 1 1 2 2 1 2
[186] 1 1 1 1 2 1 1 1 1 1 2 2 2 1 1 2 1 2 2 1 2 2 2 1 2 1 1 2 1 1 1 2 1 2 2 2 2
[223] 2 2 2 1 1 2 2 1 1 2 1 1 1 1 2 1 2 1 1 2 1 1 2 2 1 1 2 2 1 1 2 2 2 2 2 1 2
[260] 2 1 1 2 1 1 2 1 1 1 2 2 1 1 2 2 1 1 1 1 2 1 1 1 2 2 1 1 2 1 2 2 2 2 1 1 1
[297] 1 2 2 2 2 2 2 2 1 2 2 2 2 1 2 1 2 2 1 1 2 1 2 1 2 2 2 1 1 2 2 1 2 1 1 2 1
[334] 1 2 2 2 1 2 1 1 2 2 2 1 1 1 2 2 2 1 1 2 2 1 1 2 2 2 1 2 2 2 1 1 1 1 2 1 2
[371] 1 1 2 2 1 1 1 1 1 1 1 2 2 1 2 1 2 1 2 2 2 1 1 2 2 2 2 1 2 1 1 1 1 2 1 2 1
[408] 2 1 1 1 2 2 1 2 1 2 1 1 2 2 2 1 2 2 1 2 2 1 2 1 1 1 1 2 2 2 1 1 1 1 2 1 2
[445] 1 2 2 2 1 2 2 2 2 1 1 2 1 1 2 2 1 2 2 2 1 2 1 1 2 1 1 1 2 1 1 2
> happySW=SW[,3]
> happySW
  [1]  9  9  8  9  8  7  7 10  9 10  9  7  8  8  7 10  3  9  6  7  8  8  9  6  8
 [26]  8  7 10  7  5  7  8  9  7  8  9  7  7  7 10  8  6  8  9  9  9  7  8  5  7
 [51]  7  8  6  8  7 10  3  9  8  9  7 10  8  8  7  9  8  7  9  7  8  8  3  8  9
 [76] 10  9  9  8 10  9  4  8 10  9  9  7  7  6  8  6  8  9  7 10  8  6  9  9  7
[101]  9  8  8  8 10  6  8 10  9  9  9  6  8  8  9  7  6  8  9  4  8  8  8  7  4
[126]  8  9  7  9  7 10  7  7  8 10  9  8  9  8  8  9  8  8  9  6  8  7  8  5  8
[151]  8  7 10  6  6  8  7  5  8  9  9  6  9  6  9  5  8 10  4  7  6  8  7  9  8
[176]  8  8  9  8  6  9  9  7 10  9 10  8  4  7  6  9  6  8  8  9  9  7  5 10  9
[201] 10  6  7  9  6  6  8  7  9  9  3  8  7  9  3  8  8  5  9  8 10  9  8  7  8
[226]  3  8  8  9  8  7  7  8  8  8  9 10  8  8  7  7  8  6  8  8 10  8 10  9  9
[251] 10 10  9  9 10 10  8  9  7  7  9  7  9  9  6  8  2  6  8  7 10  8  8  8  8
[276]  7  8  8  5  9  8  6  7  8 10 10  9  4  8  7  8  7  8  9 10  8  7  9  4  8
[301]  7  9  7  7  7 10  8  8 10  7  7  8  8  9 10  9  7  6  7  9  7  7 10  9  7
[326]  7  9  8  7  8 10  9  9  6  8  7  8  9  9  9  4  8  9  5  9  8  7  8  7  8
[351]  7  8  7  8  8  7  8  8  9  3  6  5  8  5  8 10  3  9  8  9  8  9  8  9  7
[376]  8  9  7  6  8  9  8  8  9 10  9  8  8  8  6  9  9  9 10  8  2  8  9  8 10
[401]  9 10  8  8  6  8  7  9  5  9  8  8  8  8  6  3 10  8  9  6  6  9  6  9  9
[426]  8  4  9  8 10  9  7  6  9  9  1  7  6 10  7  8  9  8  8  4  8  9 10  5 10
[451]  8  4  9  9  8 10  7 10  8  8  8  9  8  9  9  5 10  8  5  7  6  8 10  8  3
[476]  9
> SWhappy=SW[,3]
> SWsftgov=SW[,4]
> SWstfdem=SW[,5]
> SWprl=SW[,6]
> SWlgl=SW[,7]
> SWplt=SW[,8]
> SWprt=SW[,9]
> SWun=SW[,10]
> SWep=SW[,11]
> satSW=ave(SWsftgov,SWstfdem)
> satSW
  [1] 5.742574 2.727273 5.742574 4.714286 4.728814 4.714286 4.728814 5.284091
  [9] 4.728814 5.284091 5.284091 6.814815 4.728814 5.742574 5.284091 6.379310
 [17] 5.742574 4.714286 6.814815 5.284091 4.714286 5.742574 5.284091 3.428571
 [25] 6.814815 2.727273 4.728814 5.742574 2.727273 4.000000 6.379310 4.728814
 [33] 6.814815 3.428571 4.714286 5.742574 5.742574 5.742574 5.284091 0.000000
 [41] 5.284091 5.742574 4.714286 5.742574 5.284091 4.714286 6.379310 5.742574
 [49] 5.284091 4.000000 6.814815 5.742574 4.728814 4.000000 5.742574 6.814815
 [57] 4.000000 5.742574 5.742574 5.284091 5.284091 5.284091 6.814815 3.428571
 [65] 5.742574 5.284091 5.284091 5.284091 3.428571 5.284091 5.284091 4.714286
 [73] 5.284091 4.728814 4.714286 4.728814 3.428571 4.714286 4.714286 4.000000
 [81] 5.742574 2.727273 5.742574 5.284091 6.814815 5.742574 5.742574 4.000000
 [89] 6.814815 6.814815 3.500000 5.742574 6.814815 4.714286 6.814815 4.728814
 [97] 4.714286 5.742574 5.742574 5.742574 6.814815 5.284091 5.742574 5.284091
[105] 6.814815 4.728814 3.428571 5.284091 5.742574 6.379310 5.742574 5.742574
[113] 4.714286 6.814815 0.000000 4.728814 5.742574 5.284091 5.742574 5.284091
[121] 3.428571 6.814815 5.742574 6.814815 4.000000 5.742574 6.814815 5.742574
[129] 6.814815 5.742574 4.728814 4.714286 5.284091 5.742574 5.284091 6.814815
[137] 5.742574 5.284091 6.814815 6.814815 4.714286 4.714286 4.714286 4.714286
[145] 4.714286 4.728814 4.714286 6.814815 5.742574 5.742574 5.284091 5.742574
[153] 5.742574 4.728814 4.000000 5.742574 5.742574 4.728814 4.000000 5.284091
[161] 4.714286 5.284091 5.742574 5.742574 4.000000 6.379310 4.714286 5.284091
[169] 3.428571 4.714286 6.379310 5.742574 6.814815 6.814815 5.284091 5.284091
[177] 5.742574 5.284091 5.284091 5.742574 4.728814 4.728814 4.000000 6.379310
[185] 5.284091 5.742574 6.379310 4.000000 5.284091 2.727273 6.814815 4.000000
[193] 6.379310 5.284091 5.742574 5.284091 4.728814 4.000000 6.379310 3.500000
[201] 4.728814 4.728814 4.000000 5.742574 5.742574 5.742574 4.728814 4.000000
[209] 6.814815 4.728814 3.428571 4.728814 6.814815 6.814815 4.714286 3.428571
[217] 5.284091 5.742574 6.814815 6.379310 4.714286 5.284091 4.000000 5.742574
[225] 5.742574 5.742574 6.379310 4.714286 5.284091 4.714286 5.284091 4.714286
[233] 4.714286 6.814815 5.284091 4.000000 5.742574 4.000000 4.000000 4.000000
[241] 5.742574 4.000000 5.742574 5.742574 4.714286 5.742574 5.742574 2.727273
[249] 5.284091 4.728814 4.728814 5.742574 4.714286 4.728814 5.742574 4.714286
[257] 5.284091 4.714286 4.714286 5.284091 4.728814 5.742574 6.814815 6.379310
[265] 6.814815 3.428571 2.727273 4.728814 2.727273 4.728814 5.742574 6.814815
[273] 5.742574 4.000000 4.714286 5.742574 5.742574 6.379310 4.728814 5.742574
[281] 5.284091 4.000000 4.714286 2.727273 6.814815 6.379310 6.814815 4.000000
[289] 5.284091 5.742574 4.728814 4.728814 4.000000 5.284091 5.284091 4.728814
[297] 5.284091 5.742574 4.000000 4.714286 5.284091 5.742574 5.284091 5.284091
[305] 4.714286 3.428571 4.714286 4.714286 4.714286 4.714286 5.742574 5.742574
[313] 4.728814 6.379310 5.284091 5.742574 5.284091 5.284091 3.428571 4.714286
[321] 4.714286 4.728814 5.284091 6.379310 6.379310 4.714286 4.000000 5.284091
[329] 5.284091 3.428571 4.000000 5.284091 6.379310 5.742574 4.000000 4.714286
[337] 4.714286 5.742574 4.728814 6.814815 3.500000 5.284091 5.742574 4.000000
[345] 2.727273 6.814815 6.814815 4.728814 5.284091 6.814815 5.284091 4.714286
[353] 4.000000 5.284091 3.428571 5.284091 4.714286 5.742574 6.814815 5.284091
[361] 4.728814 5.284091 4.714286 4.728814 4.714286 6.379310 4.728814 6.814815
[369] 4.728814 4.728814 6.814815 3.428571 4.728814 4.728814 4.728814 2.727273
[377] 5.742574 4.728814 5.742574 5.742574 5.742574 4.000000 5.742574 6.814815
[385] 6.379310 3.428571 6.379310 6.814815 6.814815 3.428571 5.742574 4.714286
[393] 5.284091 4.714286 5.742574 5.742574 5.284091 5.284091 5.284091 5.284091
[401] 5.284091 4.728814 6.814815 6.379310 5.284091 6.379310 5.742574 6.379310
[409] 6.379310 4.000000 3.428571 5.742574 4.714286 4.728814 4.000000 3.500000
[417] 4.728814 4.728814 5.284091 5.742574 4.714286 6.814815 4.728814 5.284091
[425] 4.714286 6.379310 4.000000 4.728814 5.284091 5.742574 6.814815 5.742574
[433] 4.000000 4.000000 4.728814 3.428571 5.284091 4.728814 4.728814 3.428571
[441] 4.000000 5.284091 4.714286 4.714286 5.742574 5.742574 5.284091 4.000000
[449] 4.000000 5.742574 6.814815 4.714286 4.000000 6.379310 6.814815 5.284091
[457] 6.379310 5.284091 5.284091 5.284091 4.714286 5.742574 5.742574 4.714286
[465] 6.814815 4.728814 5.742574 6.814815 5.284091 4.000000 4.000000 4.728814
[473] 6.814815 4.714286 4.728814 5.742574
> SWsftgov
  [1]  7  2  4  7  5  4  7  1  6  4  7  7  8  5  5  8  5  5  6  5  4  6  7  3  7
 [26]  2  6  5  4  7  6  8  8  3  1  6  7  3  5  0  7  8  8  6  4  0  3  8  3  4
 [51]  5  6  6  5  7  4  5  5  8  2  6  6  8  5  6  6  3  4  8  7  8  4  5  8  8
 [76]  3  2  5  6  7  7  3  5  6  9  4  7  4  7  8  2  6  6  4  8  9  3  5  4  6
[101]  8  5  4  5  7  2  3  6  7  6  6  7  6  6  0  5  5  7  8  1  3  7  7  8  3
[126]  5  5  6  8  8  5  6  5  5  7  7  6  6  7  8  5  4  4  5  6  0  5  5  6  3
[151]  7  6  7  9  4  8  5  5  3  7  3  6  6  7  6  9  5  6  4  6  9  7  8  7  7
[176]  7  6  1  5  5  3  4  5  8  7  8  2  8  4  2  5  3  5  3  8  5  5  3  7  3
[201]  5  4  2  8  5  6  5  4  8  7  0  5  7  8  1  0  6  7  8  4  3  5  5  7  5
[226]  7  8  4  6  5  3  6  6  0  8  2  2  5  5  3  4  4  7  7  4  6  7  5  5  4
[251]  5  3  7  5  7  5  7  5  0  4  5  3  6  5  8  4  2  2  6  3  4  9  5  4  4
[276]  6  8  8  1  7  5  3  5  1  9  3  8  4  6  4  5  5  4  7  7  7  7  5  3  5
[301]  7  8  7  3  7  4  4  2  7  6  5  6  5  7  5  7  4  6  4  0  4  5  7  8 10
[326]  3  4  6  3  6  6  7  9  5  4  6  5  6  4  8  4  6  7  3  0  4  3  8  1  6
[351]  6  7  2  4  1  6  6  4  8  5  3  5  4  5  7  7  6  7  5  5  8  5  2  5  5
[376]  3  0  4  8  7  2  4  7  5 10  4  8  4  8  5  6  4  5  6  7  7  2  9  2  5
[401]  7  4  7  7  5  5  2  6  1  3  3  1  6  4  6  5  4  1  6  5  5 10  4  5  5
[426]  5  1  5  7  7  8  4  5  4  5  4  5  1  4  1  4  7  6  2  0  8  3  5  2  1
[451]  8  5  2  3  4  7  8  3  5  5  6  9  7  5  7  4  6  8  5  3  3  5  5  5  4
[476]  6
> SWstfdem
  [1]  8  2  8  6  5  6  5  7  5  7  7  9  5  8  7 10  8  6  9  7  6  8  7  3  9
 [26]  2  5  8  2  4 10  5  9  3  6  8  8  8  7  0  7  8  6  8  7  6 10  8  7  4
 [51]  9  8  5  4  8  9  4  8  8  7  7  7  9  3  8  7  7  7  3  7  7  6  7  5  6
 [76]  5  3  6  6  4  8  2  8  7  9  8  8  4  9  9  1  8  9  6  9  5  6  8  8  8
[101]  9  7  8  7  9  5  3  7  8 10  8  8  6  9  0  5  8  7  8  7  3  9  8  9  4
[126]  8  9  8  9  8  5  6  7  8  7  9  8  7  9  9  6  6  6  6  6  5  6  9  8  8
[151]  7  8  8  5  4  8  8  5  4  7  6  7  8  8  4 10  6  7  3  6 10  8  9  9  7
[176]  7  8  7  7  8  5  5  4 10  7  8 10  4  7  2  9  4 10  7  8  7  5  4 10  1
[201]  5  5  4  8  8  8  5  4  9  5  3  5  9  9  6  3  7  8  9 10  6  7  4  8  8
[226]  8 10  6  7  6  7  6  6  9  7  4  8  4  4  4  8  4  8  8  6  8  8  2  7  5
[251]  5  8  6  5  8  6  7  6  6  7  5  8  9 10  9  3  2  5  2  5  8  9  8  4  6
[276]  8  8 10  5  8  7  4  6  2  9 10  9  4  7  8  5  5  4  7  7  5  7  8  4  6
[301]  7  8  7  7  6  3  6  6  6  6  8  8  5 10  7  8  7  7  3  6  6  5  7 10 10
[326]  6  4  7  7  3  4  7 10  8  4  6  6  8  5  9  1  7  8  4  2  9  9  5  7  9
[351]  7  6  4  7  3  7  6  8  9  7  5  7  6  5  6 10  5  9  5  5  9  3  5  5  5
[376]  2  8  5  8  8  8  4  8  9 10  3 10  9  9  3  8  6  7  6  8  8  7  7  7  7
[401]  7  5  9 10  7 10  8 10 10  4  3  8  6  5  4  1  5  5  7  8  6  9  5  7  6
[426] 10  4  5  7  8  9  8  4  4  5  3  7  5  5  3  4  7  6  6  8  8  7  4  4  8
[451]  9  6  4 10  9  7 10  7  7  7  6  8  8  6  9  5  8  9  7  4  4  5  9  6  5
[476]  8
> satSW=(SWsftgov+SWstfdem)/2
> satSW
  [1]  7.5  2.0  6.0  6.5  5.0  5.0  6.0  4.0  5.5  5.5  7.0  8.0  6.5  6.5  6.0
 [16]  9.0  6.5  5.5  7.5  6.0  5.0  7.0  7.0  3.0  8.0  2.0  5.5  6.5  3.0  5.5
 [31]  8.0  6.5  8.5  3.0  3.5  7.0  7.5  5.5  6.0  0.0  7.0  8.0  7.0  7.0  5.5
 [46]  3.0  6.5  8.0  5.0  4.0  7.0  7.0  5.5  4.5  7.5  6.5  4.5  6.5  8.0  4.5
 [61]  6.5  6.5  8.5  4.0  7.0  6.5  5.0  5.5  5.5  7.0  7.5  5.0  6.0  6.5  7.0
 [76]  4.0  2.5  5.5  6.0  5.5  7.5  2.5  6.5  6.5  9.0  6.0  7.5  4.0  8.0  8.5
 [91]  1.5  7.0  7.5  5.0  8.5  7.0  4.5  6.5  6.0  7.0  8.5  6.0  6.0  6.0  8.0
[106]  3.5  3.0  6.5  7.5  8.0  7.0  7.5  6.0  7.5  0.0  5.0  6.5  7.0  8.0  4.0
[121]  3.0  8.0  7.5  8.5  3.5  6.5  7.0  7.0  8.5  8.0  5.0  6.0  6.0  6.5  7.0
[136]  8.0  7.0  6.5  8.0  8.5  5.5  5.0  5.0  5.5  6.0  2.5  5.5  7.0  7.0  5.5
[151]  7.0  7.0  7.5  7.0  4.0  8.0  6.5  5.0  3.5  7.0  4.5  6.5  7.0  7.5  5.0
[166]  9.5  5.5  6.5  3.5  6.0  9.5  7.5  8.5  8.0  7.0  7.0  7.0  4.0  6.0  6.5
[181]  4.0  4.5  4.5  9.0  7.0  8.0  6.0  6.0  5.5  2.0  7.0  3.5  7.5  5.0  8.0
[196]  6.0  5.0  3.5  8.5  2.0  5.0  4.5  3.0  8.0  6.5  7.0  5.0  4.0  8.5  6.0
[211]  1.5  5.0  8.0  8.5  3.5  1.5  6.5  7.5  8.5  7.0  4.5  6.0  4.5  7.5  6.5
[226]  7.5  9.0  5.0  6.5  5.5  5.0  6.0  6.0  4.5  7.5  3.0  5.0  4.5  4.5  3.5
[241]  6.0  4.0  7.5  7.5  5.0  7.0  7.5  3.5  6.0  4.5  5.0  5.5  6.5  5.0  7.5
[256]  5.5  7.0  5.5  3.0  5.5  5.0  5.5  7.5  7.5  8.5  3.5  2.0  3.5  4.0  4.0
[271]  6.0  9.0  6.5  4.0  5.0  7.0  8.0  9.0  3.0  7.5  6.0  3.5  5.5  1.5  9.0
[286]  6.5  8.5  4.0  6.5  6.0  5.0  5.0  4.0  7.0  7.0  6.0  7.0  6.5  3.5  5.5
[301]  7.0  8.0  7.0  5.0  6.5  3.5  5.0  4.0  6.5  6.0  6.5  7.0  5.0  8.5  6.0
[316]  7.5  5.5  6.5  3.5  3.0  5.0  5.0  7.0  9.0 10.0  4.5  4.0  6.5  5.0  4.5
[331]  5.0  7.0  9.5  6.5  4.0  6.0  5.5  7.0  4.5  8.5  2.5  6.5  7.5  3.5  1.0
[346]  6.5  6.0  6.5  4.0  7.5  6.5  6.5  3.0  5.5  2.0  6.5  6.0  6.0  8.5  6.0
[361]  4.0  6.0  5.0  5.0  6.5  8.5  5.5  8.0  5.0  5.0  8.5  4.0  3.5  5.0  5.0
[376]  2.5  4.0  4.5  8.0  7.5  5.0  4.0  7.5  7.0 10.0  3.5  9.0  6.5  8.5  4.0
[391]  7.0  5.0  6.0  6.0  7.5  7.5  4.5  8.0  4.5  6.0  7.0  4.5  8.0  8.5  6.0
[406]  7.5  5.0  8.0  5.5  3.5  3.0  4.5  6.0  4.5  5.0  3.0  4.5  3.0  6.5  6.5
[421]  5.5  9.5  4.5  6.0  5.5  7.5  2.5  5.0  7.0  7.5  8.5  6.0  4.5  4.0  5.0
[436]  3.5  6.0  3.0  4.5  2.0  4.0  7.0  6.0  4.0  4.0  8.0  5.0  4.5  3.0  4.5
[451]  8.5  5.5  3.0  6.5  6.5  7.0  9.0  5.0  6.0  6.0  6.0  8.5  7.5  5.5  8.0
[466]  4.5  7.0  8.5  6.0  3.5  3.5  5.0  7.0  5.5  4.5  7.0
> cbind(SWprl,SWlgl,SWplt,SWprt,SWun,SWep)
       SWprl SWlgl SWplt SWprt SWun SWep
  [1,]     0     2     0     5    8    6
  [2,]     1     5     2     3    2    0
  [3,]     4     7     2     2    5    4
  [4,]     6     8     5     6    7    7
  [5,]     8     8     7     7    9    8
  [6,]     1     7     2     3    0    0
  [7,]     5     3     5     3    8    5
  [8,]     8     8     4     4    7    5
  [9,]     7     6     2     3    9    8
 [10,]     4     6     4     4    4    4
 [11,]     6     8     4     4    6    4
 [12,]     8     6     6     4    7    5
 [13,]     8     8     3     5    8    8
 [14,]     5     6     2     3    6    4
 [15,]     8     8     8     8    4    8
 [16,]     4     2     2     4    6    4
 [17,]     5     7     2     6    8    4
 [18,]     8     6     5     6    7    7
 [19,]     9     8     5     7    8    8
 [20,]     8     7     3     3    8    5
 [21,]     5     3     2     3    5    5
 [22,]     8     8     8     8    7    7
 [23,]     6     7     5     5    6    4
 [24,]     3     6     2     4    7    4
 [25,]     8     7     5     6    4    5
 [26,]     7     7     6     6    7    7
 [27,]     6     7     4     6    6    5
 [28,]     8     6     5     7    7    5
 [29,]     6     8     5     5    6    2
 [30,]     2     3     4     5    8    6
 [31,]     7     8     6     6    8    6
 [32,]     6     3     2     1    5    5
 [33,]     7     1     6     6    8    5
 [34,]     3     5     3     3    5    3
 [35,]     5     7     5     5    5    4
 [36,]     8     4     7     8    0    6
 [37,]     7     8     7     7    8    5
 [38,]     7     5     4     4    6    4
 [39,]     6     5     3     3    7    5
 [40,]     0     7     0     3    5    3
 [41,]     7     7     6     7    5    5
 [42,]     7     4     5     7    7    5
 [43,]     7     6     6     4    7    6
 [44,]     8     8     8     7    8    7
 [45,]     4     5     1     2    2    2
 [46,]     4     7     5     4    8    8
 [47,]    10    10     8     9    8    6
 [48,]     6     7     6     6    7    5
 [49,]     2     7     2     2    6    2
 [50,]     4     4     3     3    7    4
 [51,]     5     3     2     2    6    3
 [52,]     7     6     6     5    8    5
 [53,]     5     8     5     5    8    7
 [54,]     1     1     0     1    2    4
 [55,]     8     8     7     7    6    7
 [56,]     7     8     7     7    8    6
 [57,]     5     5     4     6    7    6
 [58,]     7     7     5     5    7    5
 [59,]     7     8     7     6    7    5
 [60,]     2     8     5     5    7    5
 [61,]     6     8     3     4    6    4
 [62,]     6     6     4     4    6    2
 [63,]     7     8     7     7    8    7
 [64,]     6     3     2     3    7    5
 [65,]     4     3     2     4    6    6
 [66,]     7     7     7     6    6    6
 [67,]     4     5     4     4    7    4
 [68,]     8     5     5     6    4    7
 [69,]     3     4     4     2    7    5
 [70,]     8     5     8     8    8    8
 [71,]     5     7     5     5    8    5
 [72,]     1     6     4     3    5    2
 [73,]     6     1     3     5    0    0
 [74,]     8     6     8     8    8    6
 [75,]     7     4     2     5    7    5
 [76,]     2     2     3     2    4    2
 [77,]     7     6     5     3    6    5
 [78,]     5     6     4     5    8    6
 [79,]     6     8     6     5    7    6
 [80,]     3     5     3     3    5    3
 [81,]     8     9     5     6    9    6
 [82,]     5     6     3     3    3    2
 [83,]     8     7     5     5    9    7
 [84,]     6     6     4     4    8    7
 [85,]     9     6     7     5    8    8
 [86,]     6     8     5     5    7    5
 [87,]     7     4     5     6    6    5
 [88,]     4     7     3     4    9    6
 [89,]     5     7     5     5    9    7
 [90,]     6     7     5     4    9    8
 [91,]     5     7     4     4    6    4
 [92,]     6     7     3     4    8    2
 [93,]     6     9     7     7    6    6
 [94,]     8     8     5     6    8    7
 [95,]     9     8     7     7    9    8
 [96,]     3     5     4     3    6    5
 [97,]     6     7     6     6    8    7
 [98,]     7     8     6     6    8    5
 [99,]     5     7     2     2    8    5
[100,]     5     4     6     6    4    5
[101,]     9     8     7     6    5    6
[102,]     6     8     6     7    7    8
[103,]     8     6     7     7    8    7
[104,]     6     8     6     6    8    6
[105,]     6     4     6     7    8    4
[106,]     7     3     1     5    5    0
[107,]     7     7     6     6    7    7
[108,]     7     7     6     6    8    7
[109,]     8     6     5     5    8    6
[110,]     9     9     7     6    6    7
[111,]     7     5     4     4    6    3
[112,]     4     6     4     5    7    5
[113,]     6     5     7     5    8    6
[114,]     6     9     6     4   10    8
[115,]     1     7     2     3    1    0
[116,]     6     5     5     4    3    4
[117,]     8     9     7     6    9    8
[118,]     6     5     6     5    7    6
[119,]     5     5     5     5    7    5
[120,]     8     7     4     5    7    6
[121,]     3     6     3     2    4    3
[122,]     7     9     7     7    8    7
[123,]     8     8     7     7    6    6
[124,]     7     8     7     7    7    7
[125,]     6     7     3     2    5    2
[126,]     7     6     5     5    7    5
[127,]     9     9     6     7    9    7
[128,]     8     6     5     8    9    6
[129,]     8     9     7     6    9    9
[130,]    10     8     6     6   10    8
[131,]     3     8     1     1    4    2
[132,]     8     9     7     6    7    7
[133,]     5     5     5     5    5    5
[134,]     5     5     5     5    8    3
[135,]     7     6     6     7    8    7
[136,]     8     8     6     6    8    6
[137,]     7     5     6     6    7   77
[138,]     7     5     7     5   10    7
[139,]     6     6     6     6    6    6
[140,]     7     7     7     7    6    7
[141,]     7     7     6     5    7    7
[142,]     7     8     7     7    7    7
[143,]     4     8     5     4    7    5
[144,]     5     6     5     5    7    5
[145,]     8     7     6     7    8    6
[146,]     3     8     2     0    7    0
[147,]     5     7     5     5    7    5
[148,]     7     6     5     5    8    6
[149,]     6     6     4     5    2    5
[150,]     2     6     7     7    6    6
[151,]     6     8     5     3    8    4
[152,]     7     7     6     6    6    5
[153,]    10     8     8     7   10    6
[154,]    10     6     4     4    7    7
[155,]     6     6     5     5    4    4
[156,]     8     7     8     7    6    8
[157,]     7     5     7     6    6    5
[158,]     4     3     3     3    6    4
[159,]     3     5     2     2    8    5
[160,]     9     7     2     6    8    5
[161,]     2     4     2     2    7    4
[162,]     7     8     5     4    8    7
[163,]     4     4     5     3    8    5
[164,]     8     6     5     7    9    6
[165,]     7     4     5     6    8    6
[166,]    10    10    10    10    3    4
[167,]     5     8     4     4    7    4
[168,]     7     8     7     7    8    7
[169,]     4     4     4     4    7    5
[170,]     7     8     5     5    6    6
[171,]    10     9     8     7   10    8
[172,]     6     6     7     6    8    7
[173,]     8     5     3     5   10    7
[174,]     9     8     7     7    8    6
[175,]     7     8     7     5    6    4
[176,]     7     7     6     7    8    6
[177,]     2     7     2     3    5    2
[178,]     6     7     4     4    6    5
[179,]     8     8     6     6    9    8
[180,]     6     9     3     3    9    5
[181,]     3     5     5     4    8    5
[182,]     5     9     6     5   10    6
[183,]     6     6     8     7    8    8
[184,]     6     7     5     6    7    4
[185,]     9     7     6     6    6    9
[186,]    10     9     8     8    8    7
[187,]     9     8     9     8    8   10
[188,]     5     5     3     1    5    4
[189,]     6     4     2     2    6    2
[190,]     2     8     3     4    5    5
[191,]     5     4     3     7    9    7
[192,]     6     6     4     7   10    7
[193,]    10     8     7     8   10   10
[194,]     6     7     5     4    7    8
[195,]     8     8     7     7    8    9
[196,]     5     6     5     5    8    3
[197,]     5     4     5     5    6    5
[198,]     4     4     1     1    6    2
[199,]     9     9     9     7   10    9
[200,]     2     5     2     2    7    4
[201,]     7     8     6     6    9    7
[202,]     6     6     6     5    7    6
[203,]     2     7     1     2    7    5
[204,]     9     9     7     7    5    5
[205,]     8     5     4     7    8    5
[206,]     6     8     4     5    6    6
[207,]     7     6     6     5    7    6
[208,]     4     5     4     4    6    4
[209,]     7     9     7     7    8    7
[210,]     7     4     4     4    5    5
[211,]     2     7     2     5    8    3
[212,]     7     6     6     6    7    7
[213,]     9     8     6     6    9    8
[214,]     7     9     5     5    8    8
[215,]     5     7     8     7   10    2
[216,]     1     0     0     2    7    5
[217,]     8     8     2     4    7    7
[218,]     8     8     6     5    6    6
[219,]     8     8     7     7    9    7
[220,]     4     4     3     3    9    7
[221,]     6     5     4     4    6    3
[222,]     6     6     5     6    6    5
[223,]     5     3     5     5    5    5
[224,]     7     7     6     5    7    6
[225,]     3     4     3     2    6    6
[226,]     7     7     7     7    3    3
[227,]     8     9     8     6    7    5
[228,]     3     4     3     3    6    4
[229,]     7     6     4     4    7    6
[230,]     5     8     5     3    6    5
[231,]     3     4     5     7    6    4
[232,]     7     6     5     5    8    7
[233,]     7     6     6     6    7    6
[234,]     5     9     9     9    9    9
[235,]     8     8     7     7    9    8
[236,]     4     7     5     5    8    4
[237,]     8     6     6     7    6    5
[238,]     5     4     6     5    4    5
[239,]     1     0     4     2    5    2
[240,]     3     3     3     3    5    2
[241,]     5     3     2     6   10    6
[242,]     4     2     2     2    6    4
[243,]     8     5     5     4    6    4
[244,]     4     8     4     5    9    4
[245,]     4     5     2     3    7    1
[246,]     7     6     6     6    6    6
[247,]     8     4     7     7    5    5
[248,]     7     8     6     5    8    7
[249,]     4     6     5     5    8    6
[250,]     8     8     5     5    7    6
[251,]     7     9     6     6   10    6
[252,]     0     5     5     0    3    0
[253,]     5     8     4     4    6    5
[254,]     5     7     6     5    8    6
[255,]     8     7     5     5    8    5
[256,]     7     8     4     3    8    6
[257,]     8     8     8     8    8    8
[258,]     4     4     3     3    6    4
[259,]     7     5     3     3    8    4
[260,]     6     7     6     6    7    7
[261,]     3     3     1     4    5    2
[262,]     0     7     0     0    3    0
[263,]     8     8     8     8    7    6
[264,]     6     5     1     2   10    9
[265,]     7     8     6     6    8    6
[266,]     3     3     1     2    7    0
[267,]     3     3     1     3    3    3
[268,]     6     7     5     5    6    5
[269,]     3    10     3     6   10    3
[270,]     4     4     3     3    6    3
[271,]     4     5     3     2    6    6
[272,]     6     8     5     5    5    3
[273,]     8     8     0     3    5    3
[274,]     6     6     5     7    8    4
[275,]     5     7     4     4    7    5
[276,]     8     4     4     5    8    5
[277,]     9     8     8     8    6    7
[278,]     8     8     7     7   10    9
[279,]     5     4     2     4    7    5
[280,]     6     5     3     3    9    8
[281,]     7     8     4     6    7    8
[282,]     3     3     3     3    5    3
[283,]     6     5     5     5    6    4
[284,]     1     4     4     4    5    6
[285,]     8     9     6     5    7    6
[286,]     1     3     5     4    3    4
[287,]     8     8     6     6    8    4
[288,]     4     3     3     3    5    5
[289,]     4     6     5     5    6    2
[290,]     9     9     6     6    6    8
[291,]     4     6     4     4    5    2
[292,]     8     7     9     9    9    8
[293,]     8     5     4     5    7    5
[294,]     7     7     5     5    6    5
[295,]     8     7     6     6    8    7
[296,]     7     5     8     5    9    7
[297,]     8     6     7     6    8    6
[298,]     5     5     4     4    5    5
[299,]     4     5     3     3    5    4
[300,]     6     7     6     6    7    4
[301,]     8     9     6     6    7    5
[302,]     7     7     6     5    6    6
[303,]     7     8     7     7    5    6
[304,]     7     6     5     5    8    8
[305,]     8     9     6     7    8    5
[306,]     2     3     2     1    7    3
[307,]     5     6     5     5    7    5
[308,]     4     6     4     6    8    6
[309,]     6     6     5     6    4    5
[310,]     5     5     3     3    6    2
[311,]     8     8     7     6    6    5
[312,]     3     3     3     5    6    4
[313,]     5     7     5     5    8    7
[314,]     7     8     5     7    9    9
[315,]     6     8     7     5    9    8
[316,]     7     7     5     5    7    0
[317,]     5     4     5     5    8    7
[318,]     5     6     4     4    5    3
[319,]     4     4     4     5    2    3
[320,]     0     4     0     2    7    0
[321,]     5     3     3     4    5    3
[322,]     6     5     5     5    6    6
[323,]     7    10     7     7   10    5
[324,]     9     7     8     9   10    9
[325,]    10     7     8     5   10    8
[326,]     5     7     5     5    7    6
[327,]     2     4     1     1    6    4
[328,]     6     3     4     4    7    4
[329,]     0     0     0     0    9    0
[330,]     8     5     5     4   10    5
[331,]     5     4     3     3    6    3
[332,]     5     5     5     5    6    4
[333,]     9     9     8     7   10   10
[334,]     7     6     5     6    8    8
[335,]     7     7     5     5    6    5
[336,]     7     6     5     5    7    6
[337,]     3     4     4     4    6    5
[338,]     5     7     5     6    9    7
[339,]     4     6     3     3    5    2
[340,]     7     8     6     6    5    8
[341,]     2     0     2     2    6    3
[342,]     7     8     7     7    9    7
[343,]     7     6     7     6    8    7
[344,]     4     2     4     5    3    4
[345,]     3     5     4     5    3    4
[346,]    10     8     6     8    9    8
[347,]     8     9     8    10    7    5
[348,]     8     5     6     6    3    8
[349,]     7     7     2     3    7    2
[350,]     8     8     6     7    8    7
[351,]     5     5     4     4    5    4
[352,]     6     3     4     5    5    4
[353,]     4     5     3     3    4    2
[354,]     5     8     4     2    9    6
[355,]     3     6     2     2    6    1
[356,]     4     5     3     3    6    3
[357,]     7     8     6     6    8    6
[358,]     8     5     5     4    6    5
[359,]     7     7     7     7    7    5
[360,]     6     6     6     6    5    5
[361,]     6     8     4     4    5    6
[362,]     4     6     5     5    7    5
[363,]     3     2     2     3    7    5
[364,]     0     0     0     0    0    0
[365,]     6     8     3     3    5    3
[366,]     8     8     8     8    9    6
[367,]     6     6     4     4    7    4
[368,]     7     9     7     8    9    8
[369,]     4     5     2     2    8    4
[370,]     6     8     5     5   10    5
[371,]     8     6     7     6    8    5
[372,]     8     3     3     7    2    7
[373,]     3     4     2     2    2    2
[374,]     7     6     4     4    7    5
[375,]     7     8     4     5    7    5
[376,]     2     5     0     0    7    3
[377,]     5     8     3     3    8    2
[378,]     7     8     7     6    8    6
[379,]     7     9     6     6    5    5
[380,]     7     7     6     7    6    5
[381,]     3     3     4     4    7    2
[382,]     4     5     4     4    5    4
[383,]     8     8     6     6    7    7
[384,]     4     7     5     5    9    7
[385,]     9     9     9     7   10    8
[386,]     3     4     2     3    6    4
[387,]     8     9     5     6    9    8
[388,]     8     8     8     9    8    7
[389,]     8     6     7     7    6    5
[390,]     4     4     2     2    7    4
[391,]     7     8     4     4    6    5
[392,]     5     8     5     4    7    2
[393,]     7     6     6     7    7    6
[394,]     7     5     5     4    7    6
[395,]     7     6     3     3    5    3
[396,]     8     8     8     5    5    8
[397,]     6     8     5     7    8    4
[398,]     8     6     6     6    8    8
[399,]     5     7     5     5    6    4
[400,]     7     7     5     3    6    5
[401,]     7     4     5     8    7    5
[402,]     1     2     3     5    5    4
[403,]     8     7     6     6    7    5
[404,]     8     8     6     6    9    7
[405,]     7     6     6     6    8    6
[406,]    10     9     9     8   10    8
[407,]     7     8     7     7    5    6
[408,]     8     5     5     5   10    5
[409,]     7     8     9     8    4    6
[410,]     4     5     3     5    5    5
[411,]     3     5     2     2    8    3
[412,]     8     9     7     7    9    7
[413,]     6     2     3     4    6    6
[414,]     6     6     5     5    7    5
[415,]     5     6     6     5    6    5
[416,]     3     1     1     5    5    5
[417,]     1     4     3     3    5    3
[418,]     1     7     5     7    9    7
[419,]     0     4     6     5    8    7
[420,]     5     7     5     5    7    4
[421,]     3     5     3     3    8    5
[422,]     8     9     9     8    6    8
[423,]     3     4     2     2    7    4
[424,]     7     7     7     7    8    8
[425,]     6     6     8     6    8    7
[426,]     7     5     7     5    9    5
[427,]     2     4     2     2    5    4
[428,]     7     7     5     6    8    7
[429,]     8     8     8     8    7    8
[430,]     7     8     5     6    7    6
[431,]     9     9     6     6    9    7
[432,]     4     5     3     3    5    4
[433,]     4     5     2     2    5    3
[434,]     4     6     4     4    5    4
[435,]     5     2     2     2    7    1
[436,]    10     8     6     5    7    4
[437,]     7     7     5     5    8    6
[438,]     7     5     5     5    0    0
[439,]     5     2     3     4    5    4
[440,]     1     3     5     7    6    8
[441,]     5     7     5     5    5    5
[442,]     7     8     5     5    5    4
[443,]     6     5     6     6    7    5
[444,]     5     6     4     5    5    5
[445,]     5     7     4     8    7    5
[446,]     7     7     7     7    8    8
[447,]     6     7     5     5    6    4
[448,]     7     6     7     7    8    7
[449,]     3     6     4     2    7    1
[450,]     3     7     6     6   10   10
[451,]     7     8     8     8    9    9
[452,]     5     5     3     3    6    6
[453,]     2     4     1     1    3    1
[454,]     9     7     7     6    9    8
[455,]     6     6     5     7    7    4
[456,]     5     6     4     4    5    5
[457,]     9     9     7     6    9    6
[458,]     5     7     6     8    8    5
[459,]     7     7     6     6    8    5
[460,]     6     6     6     6    6    6
[461,]     5     5     3     3    6    3
[462,]     7     9     5     5    7    6
[463,]     7     8     7     7    8    7
[464,]     6     7     5     5    7    6
[465,]     9    10     8     8    8    7
[466,]     3     2     2     3    4    4
[467,]    10     5     7     7   10    5
[468,]     4     5     3     3    6    8
[469,]     6     7     7     6    9    7
[470,]     5     7     1     2   10    2
[471,]     4     4     3     3    6    3
[472,]     5     8     5     5    5    5
[473,]     8     7     6     6    8    7
[474,]     6     7     5     5    7    5
[475,]     4     6     4     4    4    5
[476,]     6     8     6     5    6    4
> SWall=cbind(SWprl,SWlgl,SWplt,SWprt,SWun,SWep)
> cor(sarSW,SWall)
Error in inherits(x, "data.frame") : object 'sarSW' not found
> cor(satSW,SWall)
         SWprl     SWlgl    SWplt     SWprt      SWun      SWep
[1,] 0.5948863 0.3544969 0.520888 0.4610149 0.3116339 0.2566468
> cor(SW)
              V1           V2         V3          V4           V5          V6
V1   1.000000000  0.013098099 0.02417031 -0.03155070 -0.009124561 -0.02404916
V2   0.013098099  1.000000000 0.06724286  0.01541933 -0.045962110  0.02671791
V3   0.024170311  0.067242856 1.00000000  0.17455088  0.211559381  0.08382227
V4  -0.031550697  0.015419329 0.17455088  1.00000000  0.473062524  0.50317897
V5  -0.009124561 -0.045962110 0.21155938  0.47306252  1.000000000  0.51792152
V6  -0.024049163  0.026717906 0.08382227  0.50317897  0.517921518  1.00000000
V7   0.102140593 -0.008824065 0.13175969  0.22388272  0.384811848  0.54362291
V8  -0.027716043  0.037999853 0.13926440  0.40226896  0.491923907  0.67072945
V9  -0.055498721 -0.016513799 0.08513988  0.32730716  0.464184140  0.65062059
V10 -0.081242816 -0.012100496 0.19226143  0.21394703  0.321100798  0.37024537
V11 -0.111914498  0.096785658 0.08501456  0.20730271  0.233249618  0.31138695
              V7          V8          V9         V10         V11
V1   0.102140593 -0.02771604 -0.05549872 -0.08124282 -0.11191450
V2  -0.008824065  0.03799985 -0.01651380 -0.01210050  0.09678566
V3   0.131759690  0.13926440  0.08513988  0.19226143  0.08501456
V4   0.223882718  0.40226896  0.32730716  0.21394703  0.20730271
V5   0.384811848  0.49192391  0.46418414  0.32110080  0.23324962
V6   0.543622912  0.67072945  0.65062059  0.37024537  0.31138695
V7   1.000000000  0.56677005  0.49183984  0.36374815  0.18962397
V8   0.566770052  1.00000000  0.81359119  0.34217069  0.34006262
V9   0.491839841  0.81359119  1.00000000  0.33297220  0.33553001
V10  0.363748151  0.34217069  0.33297220  1.00000000  0.28322997
V11  0.189623971  0.34006262  0.33553001  0.28322997  1.00000000
> cor(SWhappy,satSW)
[1] 0.2249195
> allSW=cbind(satSW,SWhappy,SWall)
> allSW
       satSW SWhappy SWprl SWlgl SWplt SWprt SWun SWep
  [1,]   7.5       9     0     2     0     5    8    6
  [2,]   2.0       9     1     5     2     3    2    0
  [3,]   6.0       8     4     7     2     2    5    4
  [4,]   6.5       9     6     8     5     6    7    7
  [5,]   5.0       8     8     8     7     7    9    8
  [6,]   5.0       7     1     7     2     3    0    0
  [7,]   6.0       7     5     3     5     3    8    5
  [8,]   4.0      10     8     8     4     4    7    5
  [9,]   5.5       9     7     6     2     3    9    8
 [10,]   5.5      10     4     6     4     4    4    4
 [11,]   7.0       9     6     8     4     4    6    4
 [12,]   8.0       7     8     6     6     4    7    5
 [13,]   6.5       8     8     8     3     5    8    8
 [14,]   6.5       8     5     6     2     3    6    4
 [15,]   6.0       7     8     8     8     8    4    8
 [16,]   9.0      10     4     2     2     4    6    4
 [17,]   6.5       3     5     7     2     6    8    4
 [18,]   5.5       9     8     6     5     6    7    7
 [19,]   7.5       6     9     8     5     7    8    8
 [20,]   6.0       7     8     7     3     3    8    5
 [21,]   5.0       8     5     3     2     3    5    5
 [22,]   7.0       8     8     8     8     8    7    7
 [23,]   7.0       9     6     7     5     5    6    4
 [24,]   3.0       6     3     6     2     4    7    4
 [25,]   8.0       8     8     7     5     6    4    5
 [26,]   2.0       8     7     7     6     6    7    7
 [27,]   5.5       7     6     7     4     6    6    5
 [28,]   6.5      10     8     6     5     7    7    5
 [29,]   3.0       7     6     8     5     5    6    2
 [30,]   5.5       5     2     3     4     5    8    6
 [31,]   8.0       7     7     8     6     6    8    6
 [32,]   6.5       8     6     3     2     1    5    5
 [33,]   8.5       9     7     1     6     6    8    5
 [34,]   3.0       7     3     5     3     3    5    3
 [35,]   3.5       8     5     7     5     5    5    4
 [36,]   7.0       9     8     4     7     8    0    6
 [37,]   7.5       7     7     8     7     7    8    5
 [38,]   5.5       7     7     5     4     4    6    4
 [39,]   6.0       7     6     5     3     3    7    5
 [40,]   0.0      10     0     7     0     3    5    3
 [41,]   7.0       8     7     7     6     7    5    5
 [42,]   8.0       6     7     4     5     7    7    5
 [43,]   7.0       8     7     6     6     4    7    6
 [44,]   7.0       9     8     8     8     7    8    7
 [45,]   5.5       9     4     5     1     2    2    2
 [46,]   3.0       9     4     7     5     4    8    8
 [47,]   6.5       7    10    10     8     9    8    6
 [48,]   8.0       8     6     7     6     6    7    5
 [49,]   5.0       5     2     7     2     2    6    2
 [50,]   4.0       7     4     4     3     3    7    4
 [51,]   7.0       7     5     3     2     2    6    3
 [52,]   7.0       8     7     6     6     5    8    5
 [53,]   5.5       6     5     8     5     5    8    7
 [54,]   4.5       8     1     1     0     1    2    4
 [55,]   7.5       7     8     8     7     7    6    7
 [56,]   6.5      10     7     8     7     7    8    6
 [57,]   4.5       3     5     5     4     6    7    6
 [58,]   6.5       9     7     7     5     5    7    5
 [59,]   8.0       8     7     8     7     6    7    5
 [60,]   4.5       9     2     8     5     5    7    5
 [61,]   6.5       7     6     8     3     4    6    4
 [62,]   6.5      10     6     6     4     4    6    2
 [63,]   8.5       8     7     8     7     7    8    7
 [64,]   4.0       8     6     3     2     3    7    5
 [65,]   7.0       7     4     3     2     4    6    6
 [66,]   6.5       9     7     7     7     6    6    6
 [67,]   5.0       8     4     5     4     4    7    4
 [68,]   5.5       7     8     5     5     6    4    7
 [69,]   5.5       9     3     4     4     2    7    5
 [70,]   7.0       7     8     5     8     8    8    8
 [71,]   7.5       8     5     7     5     5    8    5
 [72,]   5.0       8     1     6     4     3    5    2
 [73,]   6.0       3     6     1     3     5    0    0
 [74,]   6.5       8     8     6     8     8    8    6
 [75,]   7.0       9     7     4     2     5    7    5
 [76,]   4.0      10     2     2     3     2    4    2
 [77,]   2.5       9     7     6     5     3    6    5
 [78,]   5.5       9     5     6     4     5    8    6
 [79,]   6.0       8     6     8     6     5    7    6
 [80,]   5.5      10     3     5     3     3    5    3
 [81,]   7.5       9     8     9     5     6    9    6
 [82,]   2.5       4     5     6     3     3    3    2
 [83,]   6.5       8     8     7     5     5    9    7
 [84,]   6.5      10     6     6     4     4    8    7
 [85,]   9.0       9     9     6     7     5    8    8
 [86,]   6.0       9     6     8     5     5    7    5
 [87,]   7.5       7     7     4     5     6    6    5
 [88,]   4.0       7     4     7     3     4    9    6
 [89,]   8.0       6     5     7     5     5    9    7
 [90,]   8.5       8     6     7     5     4    9    8
 [91,]   1.5       6     5     7     4     4    6    4
 [92,]   7.0       8     6     7     3     4    8    2
 [93,]   7.5       9     6     9     7     7    6    6
 [94,]   5.0       7     8     8     5     6    8    7
 [95,]   8.5      10     9     8     7     7    9    8
 [96,]   7.0       8     3     5     4     3    6    5
 [97,]   4.5       6     6     7     6     6    8    7
 [98,]   6.5       9     7     8     6     6    8    5
 [99,]   6.0       9     5     7     2     2    8    5
[100,]   7.0       7     5     4     6     6    4    5
[101,]   8.5       9     9     8     7     6    5    6
[102,]   6.0       8     6     8     6     7    7    8
[103,]   6.0       8     8     6     7     7    8    7
[104,]   6.0       8     6     8     6     6    8    6
[105,]   8.0      10     6     4     6     7    8    4
[106,]   3.5       6     7     3     1     5    5    0
[107,]   3.0       8     7     7     6     6    7    7
[108,]   6.5      10     7     7     6     6    8    7
[109,]   7.5       9     8     6     5     5    8    6
[110,]   8.0       9     9     9     7     6    6    7
[111,]   7.0       9     7     5     4     4    6    3
[112,]   7.5       6     4     6     4     5    7    5
[113,]   6.0       8     6     5     7     5    8    6
[114,]   7.5       8     6     9     6     4   10    8
[115,]   0.0       9     1     7     2     3    1    0
[116,]   5.0       7     6     5     5     4    3    4
[117,]   6.5       6     8     9     7     6    9    8
[118,]   7.0       8     6     5     6     5    7    6
[119,]   8.0       9     5     5     5     5    7    5
[120,]   4.0       4     8     7     4     5    7    6
[121,]   3.0       8     3     6     3     2    4    3
[122,]   8.0       8     7     9     7     7    8    7
[123,]   7.5       8     8     8     7     7    6    6
[124,]   8.5       7     7     8     7     7    7    7
[125,]   3.5       4     6     7     3     2    5    2
[126,]   6.5       8     7     6     5     5    7    5
[127,]   7.0       9     9     9     6     7    9    7
[128,]   7.0       7     8     6     5     8    9    6
[129,]   8.5       9     8     9     7     6    9    9
[130,]   8.0       7    10     8     6     6   10    8
[131,]   5.0      10     3     8     1     1    4    2
[132,]   6.0       7     8     9     7     6    7    7
[133,]   6.0       7     5     5     5     5    5    5
[134,]   6.5       8     5     5     5     5    8    3
[135,]   7.0      10     7     6     6     7    8    7
[136,]   8.0       9     8     8     6     6    8    6
[137,]   7.0       8     7     5     6     6    7   77
[138,]   6.5       9     7     5     7     5   10    7
[139,]   8.0       8     6     6     6     6    6    6
[140,]   8.5       8     7     7     7     7    6    7
[141,]   5.5       9     7     7     6     5    7    7
[142,]   5.0       8     7     8     7     7    7    7
[143,]   5.0       8     4     8     5     4    7    5
[144,]   5.5       9     5     6     5     5    7    5
[145,]   6.0       6     8     7     6     7    8    6
[146,]   2.5       8     3     8     2     0    7    0
[147,]   5.5       7     5     7     5     5    7    5
[148,]   7.0       8     7     6     5     5    8    6
[149,]   7.0       5     6     6     4     5    2    5
[150,]   5.5       8     2     6     7     7    6    6
[151,]   7.0       8     6     8     5     3    8    4
[152,]   7.0       7     7     7     6     6    6    5
[153,]   7.5      10    10     8     8     7   10    6
[154,]   7.0       6    10     6     4     4    7    7
[155,]   4.0       6     6     6     5     5    4    4
[156,]   8.0       8     8     7     8     7    6    8
[157,]   6.5       7     7     5     7     6    6    5
[158,]   5.0       5     4     3     3     3    6    4
[159,]   3.5       8     3     5     2     2    8    5
[160,]   7.0       9     9     7     2     6    8    5
[161,]   4.5       9     2     4     2     2    7    4
[162,]   6.5       6     7     8     5     4    8    7
[163,]   7.0       9     4     4     5     3    8    5
[164,]   7.5       6     8     6     5     7    9    6
[165,]   5.0       9     7     4     5     6    8    6
[166,]   9.5       5    10    10    10    10    3    4
[167,]   5.5       8     5     8     4     4    7    4
[168,]   6.5      10     7     8     7     7    8    7
[169,]   3.5       4     4     4     4     4    7    5
[170,]   6.0       7     7     8     5     5    6    6
[171,]   9.5       6    10     9     8     7   10    8
[172,]   7.5       8     6     6     7     6    8    7
[173,]   8.5       7     8     5     3     5   10    7
[174,]   8.0       9     9     8     7     7    8    6
[175,]   7.0       8     7     8     7     5    6    4
[176,]   7.0       8     7     7     6     7    8    6
[177,]   7.0       8     2     7     2     3    5    2
[178,]   4.0       9     6     7     4     4    6    5
[179,]   6.0       8     8     8     6     6    9    8
[180,]   6.5       6     6     9     3     3    9    5
[181,]   4.0       9     3     5     5     4    8    5
[182,]   4.5       9     5     9     6     5   10    6
[183,]   4.5       7     6     6     8     7    8    8
[184,]   9.0      10     6     7     5     6    7    4
[185,]   7.0       9     9     7     6     6    6    9
[186,]   8.0      10    10     9     8     8    8    7
[187,]   6.0       8     9     8     9     8    8   10
[188,]   6.0       4     5     5     3     1    5    4
[189,]   5.5       7     6     4     2     2    6    2
[190,]   2.0       6     2     8     3     4    5    5
[191,]   7.0       9     5     4     3     7    9    7
[192,]   3.5       6     6     6     4     7   10    7
[193,]   7.5       8    10     8     7     8   10   10
[194,]   5.0       8     6     7     5     4    7    8
[195,]   8.0       9     8     8     7     7    8    9
[196,]   6.0       9     5     6     5     5    8    3
[197,]   5.0       7     5     4     5     5    6    5
[198,]   3.5       5     4     4     1     1    6    2
[199,]   8.5      10     9     9     9     7   10    9
[200,]   2.0       9     2     5     2     2    7    4
[201,]   5.0      10     7     8     6     6    9    7
[202,]   4.5       6     6     6     6     5    7    6
[203,]   3.0       7     2     7     1     2    7    5
[204,]   8.0       9     9     9     7     7    5    5
[205,]   6.5       6     8     5     4     7    8    5
[206,]   7.0       6     6     8     4     5    6    6
[207,]   5.0       8     7     6     6     5    7    6
[208,]   4.0       7     4     5     4     4    6    4
[209,]   8.5       9     7     9     7     7    8    7
[210,]   6.0       9     7     4     4     4    5    5
[211,]   1.5       3     2     7     2     5    8    3
[212,]   5.0       8     7     6     6     6    7    7
[213,]   8.0       7     9     8     6     6    9    8
[214,]   8.5       9     7     9     5     5    8    8
[215,]   3.5       3     5     7     8     7   10    2
[216,]   1.5       8     1     0     0     2    7    5
[217,]   6.5       8     8     8     2     4    7    7
[218,]   7.5       5     8     8     6     5    6    6
[219,]   8.5       9     8     8     7     7    9    7
[220,]   7.0       8     4     4     3     3    9    7
[221,]   4.5      10     6     5     4     4    6    3
[222,]   6.0       9     6     6     5     6    6    5
[223,]   4.5       8     5     3     5     5    5    5
[224,]   7.5       7     7     7     6     5    7    6
[225,]   6.5       8     3     4     3     2    6    6
[226,]   7.5       3     7     7     7     7    3    3
[227,]   9.0       8     8     9     8     6    7    5
[228,]   5.0       8     3     4     3     3    6    4
[229,]   6.5       9     7     6     4     4    7    6
[230,]   5.5       8     5     8     5     3    6    5
[231,]   5.0       7     3     4     5     7    6    4
[232,]   6.0       7     7     6     5     5    8    7
[233,]   6.0       8     7     6     6     6    7    6
[234,]   4.5       8     5     9     9     9    9    9
[235,]   7.5       8     8     8     7     7    9    8
[236,]   3.0       9     4     7     5     5    8    4
[237,]   5.0      10     8     6     6     7    6    5
[238,]   4.5       8     5     4     6     5    4    5
[239,]   4.5       8     1     0     4     2    5    2
[240,]   3.5       7     3     3     3     3    5    2
[241,]   6.0       7     5     3     2     6   10    6
[242,]   4.0       8     4     2     2     2    6    4
[243,]   7.5       6     8     5     5     4    6    4
[244,]   7.5       8     4     8     4     5    9    4
[245,]   5.0       8     4     5     2     3    7    1
[246,]   7.0      10     7     6     6     6    6    6
[247,]   7.5       8     8     4     7     7    5    5
[248,]   3.5      10     7     8     6     5    8    7
[249,]   6.0       9     4     6     5     5    8    6
[250,]   4.5       9     8     8     5     5    7    6
[251,]   5.0      10     7     9     6     6   10    6
[252,]   5.5      10     0     5     5     0    3    0
[253,]   6.5       9     5     8     4     4    6    5
[254,]   5.0       9     5     7     6     5    8    6
[255,]   7.5      10     8     7     5     5    8    5
[256,]   5.5      10     7     8     4     3    8    6
[257,]   7.0       8     8     8     8     8    8    8
[258,]   5.5       9     4     4     3     3    6    4
[259,]   3.0       7     7     5     3     3    8    4
[260,]   5.5       7     6     7     6     6    7    7
[261,]   5.0       9     3     3     1     4    5    2
[262,]   5.5       7     0     7     0     0    3    0
[263,]   7.5       9     8     8     8     8    7    6
[264,]   7.5       9     6     5     1     2   10    9
[265,]   8.5       6     7     8     6     6    8    6
[266,]   3.5       8     3     3     1     2    7    0
[267,]   2.0       2     3     3     1     3    3    3
[268,]   3.5       6     6     7     5     5    6    5
[269,]   4.0       8     3    10     3     6   10    3
[270,]   4.0       7     4     4     3     3    6    3
[271,]   6.0      10     4     5     3     2    6    6
[272,]   9.0       8     6     8     5     5    5    3
[273,]   6.5       8     8     8     0     3    5    3
[274,]   4.0       8     6     6     5     7    8    4
[275,]   5.0       8     5     7     4     4    7    5
[276,]   7.0       7     8     4     4     5    8    5
[277,]   8.0       8     9     8     8     8    6    7
[278,]   9.0       8     8     8     7     7   10    9
[279,]   3.0       5     5     4     2     4    7    5
[280,]   7.5       9     6     5     3     3    9    8
[281,]   6.0       8     7     8     4     6    7    8
[282,]   3.5       6     3     3     3     3    5    3
[283,]   5.5       7     6     5     5     5    6    4
[284,]   1.5       8     1     4     4     4    5    6
[285,]   9.0      10     8     9     6     5    7    6
[286,]   6.5      10     1     3     5     4    3    4
[287,]   8.5       9     8     8     6     6    8    4
[288,]   4.0       4     4     3     3     3    5    5
[289,]   6.5       8     4     6     5     5    6    2
[290,]   6.0       7     9     9     6     6    6    8
[291,]   5.0       8     4     6     4     4    5    2
[292,]   5.0       7     8     7     9     9    9    8
[293,]   4.0       8     8     5     4     5    7    5
[294,]   7.0       9     7     7     5     5    6    5
[295,]   7.0      10     8     7     6     6    8    7
[296,]   6.0       8     7     5     8     5    9    7
[297,]   7.0       7     8     6     7     6    8    6
[298,]   6.5       9     5     5     4     4    5    5
[299,]   3.5       4     4     5     3     3    5    4
[300,]   5.5       8     6     7     6     6    7    4
[301,]   7.0       7     8     9     6     6    7    5
[302,]   8.0       9     7     7     6     5    6    6
[303,]   7.0       7     7     8     7     7    5    6
[304,]   5.0       7     7     6     5     5    8    8
[305,]   6.5       7     8     9     6     7    8    5
[306,]   3.5      10     2     3     2     1    7    3
[307,]   5.0       8     5     6     5     5    7    5
[308,]   4.0       8     4     6     4     6    8    6
[309,]   6.5      10     6     6     5     6    4    5
[310,]   6.0       7     5     5     3     3    6    2
[311,]   6.5       7     8     8     7     6    6    5
[312,]   7.0       8     3     3     3     5    6    4
[313,]   5.0       8     5     7     5     5    8    7
[314,]   8.5       9     7     8     5     7    9    9
[315,]   6.0      10     6     8     7     5    9    8
[316,]   7.5       9     7     7     5     5    7    0
[317,]   5.5       7     5     4     5     5    8    7
[318,]   6.5       6     5     6     4     4    5    3
[319,]   3.5       7     4     4     4     5    2    3
[320,]   3.0       9     0     4     0     2    7    0
[321,]   5.0       7     5     3     3     4    5    3
[322,]   5.0       7     6     5     5     5    6    6
[323,]   7.0      10     7    10     7     7   10    5
[324,]   9.0       9     9     7     8     9   10    9
[325,]  10.0       7    10     7     8     5   10    8
[326,]   4.5       7     5     7     5     5    7    6
[327,]   4.0       9     2     4     1     1    6    4
[328,]   6.5       8     6     3     4     4    7    4
[329,]   5.0       7     0     0     0     0    9    0
[330,]   4.5       8     8     5     5     4   10    5
[331,]   5.0      10     5     4     3     3    6    3
[332,]   7.0       9     5     5     5     5    6    4
[333,]   9.5       9     9     9     8     7   10   10
[334,]   6.5       6     7     6     5     6    8    8
[335,]   4.0       8     7     7     5     5    6    5
[336,]   6.0       7     7     6     5     5    7    6
[337,]   5.5       8     3     4     4     4    6    5
[338,]   7.0       9     5     7     5     6    9    7
[339,]   4.5       9     4     6     3     3    5    2
[340,]   8.5       9     7     8     6     6    5    8
[341,]   2.5       4     2     0     2     2    6    3
[342,]   6.5       8     7     8     7     7    9    7
[343,]   7.5       9     7     6     7     6    8    7
[344,]   3.5       5     4     2     4     5    3    4
[345,]   1.0       9     3     5     4     5    3    4
[346,]   6.5       8    10     8     6     8    9    8
[347,]   6.0       7     8     9     8    10    7    5
[348,]   6.5       8     8     5     6     6    3    8
[349,]   4.0       7     7     7     2     3    7    2
[350,]   7.5       8     8     8     6     7    8    7
[351,]   6.5       7     5     5     4     4    5    4
[352,]   6.5       8     6     3     4     5    5    4
[353,]   3.0       7     4     5     3     3    4    2
[354,]   5.5       8     5     8     4     2    9    6
[355,]   2.0       8     3     6     2     2    6    1
[356,]   6.5       7     4     5     3     3    6    3
[357,]   6.0       8     7     8     6     6    8    6
[358,]   6.0       8     8     5     5     4    6    5
[359,]   8.5       9     7     7     7     7    7    5
[360,]   6.0       3     6     6     6     6    5    5
[361,]   4.0       6     6     8     4     4    5    6
[362,]   6.0       5     4     6     5     5    7    5
[363,]   5.0       8     3     2     2     3    7    5
[364,]   5.0       5     0     0     0     0    0    0
[365,]   6.5       8     6     8     3     3    5    3
[366,]   8.5      10     8     8     8     8    9    6
[367,]   5.5       3     6     6     4     4    7    4
[368,]   8.0       9     7     9     7     8    9    8
[369,]   5.0       8     4     5     2     2    8    4
[370,]   5.0       9     6     8     5     5   10    5
[371,]   8.5       8     8     6     7     6    8    5
[372,]   4.0       9     8     3     3     7    2    7
[373,]   3.5       8     3     4     2     2    2    2
[374,]   5.0       9     7     6     4     4    7    5
[375,]   5.0       7     7     8     4     5    7    5
[376,]   2.5       8     2     5     0     0    7    3
[377,]   4.0       9     5     8     3     3    8    2
[378,]   4.5       7     7     8     7     6    8    6
[379,]   8.0       6     7     9     6     6    5    5
[380,]   7.5       8     7     7     6     7    6    5
[381,]   5.0       9     3     3     4     4    7    2
[382,]   4.0       8     4     5     4     4    5    4
[383,]   7.5       8     8     8     6     6    7    7
[384,]   7.0       9     4     7     5     5    9    7
[385,]  10.0      10     9     9     9     7   10    8
[386,]   3.5       9     3     4     2     3    6    4
[387,]   9.0       8     8     9     5     6    9    8
[388,]   6.5       8     8     8     8     9    8    7
[389,]   8.5       8     8     6     7     7    6    5
[390,]   4.0       6     4     4     2     2    7    4
[391,]   7.0       9     7     8     4     4    6    5
[392,]   5.0       9     5     8     5     4    7    2
[393,]   6.0       9     7     6     6     7    7    6
[394,]   6.0      10     7     5     5     4    7    6
[395,]   7.5       8     7     6     3     3    5    3
[396,]   7.5       2     8     8     8     5    5    8
[397,]   4.5       8     6     8     5     7    8    4
[398,]   8.0       9     8     6     6     6    8    8
[399,]   4.5       8     5     7     5     5    6    4
[400,]   6.0      10     7     7     5     3    6    5
[401,]   7.0       9     7     4     5     8    7    5
[402,]   4.5      10     1     2     3     5    5    4
[403,]   8.0       8     8     7     6     6    7    5
[404,]   8.5       8     8     8     6     6    9    7
[405,]   6.0       6     7     6     6     6    8    6
[406,]   7.5       8    10     9     9     8   10    8
[407,]   5.0       7     7     8     7     7    5    6
[408,]   8.0       9     8     5     5     5   10    5
[409,]   5.5       5     7     8     9     8    4    6
[410,]   3.5       9     4     5     3     5    5    5
[411,]   3.0       8     3     5     2     2    8    3
[412,]   4.5       8     8     9     7     7    9    7
[413,]   6.0       8     6     2     3     4    6    6
[414,]   4.5       8     6     6     5     5    7    5
[415,]   5.0       6     5     6     6     5    6    5
[416,]   3.0       3     3     1     1     5    5    5
[417,]   4.5      10     1     4     3     3    5    3
[418,]   3.0       8     1     7     5     7    9    7
[419,]   6.5       9     0     4     6     5    8    7
[420,]   6.5       6     5     7     5     5    7    4
[421,]   5.5       6     3     5     3     3    8    5
[422,]   9.5       9     8     9     9     8    6    8
[423,]   4.5       6     3     4     2     2    7    4
[424,]   6.0       9     7     7     7     7    8    8
[425,]   5.5       9     6     6     8     6    8    7
[426,]   7.5       8     7     5     7     5    9    5
[427,]   2.5       4     2     4     2     2    5    4
[428,]   5.0       9     7     7     5     6    8    7
[429,]   7.0       8     8     8     8     8    7    8
[430,]   7.5      10     7     8     5     6    7    6
[431,]   8.5       9     9     9     6     6    9    7
[432,]   6.0       7     4     5     3     3    5    4
[433,]   4.5       6     4     5     2     2    5    3
[434,]   4.0       9     4     6     4     4    5    4
[435,]   5.0       9     5     2     2     2    7    1
[436,]   3.5       1    10     8     6     5    7    4
[437,]   6.0       7     7     7     5     5    8    6
[438,]   3.0       6     7     5     5     5    0    0
[439,]   4.5      10     5     2     3     4    5    4
[440,]   2.0       7     1     3     5     7    6    8
[441,]   4.0       8     5     7     5     5    5    5
[442,]   7.0       9     7     8     5     5    5    4
[443,]   6.0       8     6     5     6     6    7    5
[444,]   4.0       8     5     6     4     5    5    5
[445,]   4.0       4     5     7     4     8    7    5
[446,]   8.0       8     7     7     7     7    8    8
[447,]   5.0       9     6     7     5     5    6    4
[448,]   4.5      10     7     6     7     7    8    7
[449,]   3.0       5     3     6     4     2    7    1
[450,]   4.5      10     3     7     6     6   10   10
[451,]   8.5       8     7     8     8     8    9    9
[452,]   5.5       4     5     5     3     3    6    6
[453,]   3.0       9     2     4     1     1    3    1
[454,]   6.5       9     9     7     7     6    9    8
[455,]   6.5       8     6     6     5     7    7    4
[456,]   7.0      10     5     6     4     4    5    5
[457,]   9.0       7     9     9     7     6    9    6
[458,]   5.0      10     5     7     6     8    8    5
[459,]   6.0       8     7     7     6     6    8    5
[460,]   6.0       8     6     6     6     6    6    6
[461,]   6.0       8     5     5     3     3    6    3
[462,]   8.5       9     7     9     5     5    7    6
[463,]   7.5       8     7     8     7     7    8    7
[464,]   5.5       9     6     7     5     5    7    6
[465,]   8.0       9     9    10     8     8    8    7
[466,]   4.5       5     3     2     2     3    4    4
[467,]   7.0      10    10     5     7     7   10    5
[468,]   8.5       8     4     5     3     3    6    8
[469,]   6.0       5     6     7     7     6    9    7
[470,]   3.5       7     5     7     1     2   10    2
[471,]   3.5       6     4     4     3     3    6    3
[472,]   5.0       8     5     8     5     5    5    5
[473,]   7.0      10     8     7     6     6    8    7
[474,]   5.5       8     6     7     5     5    7    5
[475,]   4.5       3     4     6     4     4    4    5
[476,]   7.0       9     6     8     6     5    6    4
> cor(allSW)
            satSW    SWhappy      SWprl     SWlgl     SWplt      SWprt
satSW   1.0000000 0.22491952 0.59488626 0.3544969 0.5208880 0.46101486
SWhappy 0.2249195 1.00000000 0.08382227 0.1317597 0.1392644 0.08513988
SWprl   0.5948863 0.08382227 1.00000000 0.5436229 0.6707295 0.65062059
SWlgl   0.3544969 0.13175969 0.54362291 1.0000000 0.5667701 0.49183984
SWplt   0.5208880 0.13926440 0.67072945 0.5667701 1.0000000 0.81359119
SWprt   0.4610149 0.08513988 0.65062059 0.4918398 0.8135912 1.00000000
SWun    0.3116339 0.19226143 0.37024537 0.3637482 0.3421707 0.33297220
SWep    0.2566468 0.08501456 0.31138695 0.1896240 0.3400626 0.33553001
             SWun       SWep
satSW   0.3116339 0.25664679
SWhappy 0.1922614 0.08501456
SWprl   0.3702454 0.31138695
SWlgl   0.3637482 0.18962397
SWplt   0.3421707 0.34006262
SWprt   0.3329722 0.33553001
SWun    1.0000000 0.28322997
SWep    0.2832300 1.00000000
> mean(allSW)
[1] 5.9677

> mean(SWhappy)
[1] 7.792017
> mean(SWsftgov)
[1] 5.180672
> mean(SWstfdem)
[1] 6.592437
> mean(SWprl)
[1] 5.87395
> mean(SWlgl)
[1] 6.210084
> mean(SWplt)
[1] 4.821429
> mean(SWprt)
[1] 4.97479
> mean(SWun)
[1] 6.796218
> mean(SWep)
[1] 5.386555
